Sample Names	MutationType	SBS1	SBS2	SBS4	SBS5	SBS12	SBS13	SBS18	SBS21	SBS22a	SBS22b	SBS40a	SBS40b	SBS40c	SBS44
Kidney-RCC::MSI-H.S.1	A[C>A]A	0.006538795152025031	0.0	0.0	0.163442453543325	0.0	0.0	0.0	0.0018252136123726734	0.0	0.0	0.5364168353284052	0.29177670236387193	0.0	2.4327901495973315e-16
Kidney-RCC::MSI-H.S.1	A[C>A]C	0.03216664636920766	0.0	0.0	0.24578895430855477	0.0	0.0	0.0	0.05244833755083166	0.0	0.0	0.4725648294616814	0.18794567785828184	0.0	0.009085554451442606
Kidney-RCC::MSI-H.S.1	A[C>A]G	0.011991905215876418	0.0	0.0	0.2313167919544135	0.0	0.0	0.0	0.03137703230525791	0.0	0.0	0.5071129670705772	0.21793493014384605	0.0	0.0002663733100290334
Kidney-RCC::MSI-H.S.1	A[C>A]T	0.015224228628244598	0.0	0.0	0.1450929604795586	0.0	0.0	0.0	0.011634989206237087	0.0	0.0	0.36662270268322295	0.1662752566354696	0.0	0.2951498623672671
Kidney-RCC::MSI-H.S.1	A[C>G]A	0.02597093050277041	0.0	0.0	0.26026481601197254	0.0	0.0	0.0	0.00037173253734754173	0.0	0.0	0.22902988935597568	0.29373270900232623	0.0	0.19062992258960765
Kidney-RCC::MSI-H.S.1	A[C>G]C	0.022623985754143688	0.0	0.0	0.19507583325300187	0.0	0.0	0.0	0.0210032620736453	0.0	0.0	0.2081455286174123	0.5346009468834788	0.0	0.01855044341831805
Kidney-RCC::MSI-H.S.1	A[C>G]G	0.010426450552811719	0.0	0.0	0.28779824361351936	0.0	0.0	0.0	3.170753278285522e-14	0.0	0.0	0.2710532455496121	0.4185026810968006	0.0	0.012219379187224606
Kidney-RCC::MSI-H.S.1	A[C>G]T	0.01018541352213933	0.0	0.0	0.16653856137444364	0.0	0.0	0.0	0.0008712320980848707	0.0	0.0	0.14915984588104594	0.5470450269557278	0.0	0.1261999201685585
Kidney-RCC::MSI-H.S.1	A[C>T]A	0.04317250574777673	0.0	0.0	0.10389730609667466	0.0	0.0	0.0	0.00590304068730872	0.0	0.0	0.09876540763187827	0.08173709130859862	0.0	0.6665246485277629
Kidney-RCC::MSI-H.S.1	A[C>T]C	0.0355617853529694	0.0	0.0	0.18588268538502054	0.0	0.0	0.0	0.03474572255058397	0.0	0.0	0.23049556757423853	0.10504896748868141	0.0	0.40826527164850607
Kidney-RCC::MSI-H.S.1	A[C>T]G	0.7397408363167999	0.0	0.0	0.023115039568103457	0.0	0.0	0.0	0.02362475448503133	0.0	0.0	0.053285783749597075	0.03580732427245558	0.0	0.12442626160801268
Kidney-RCC::MSI-H.S.1	A[C>T]T	0.036473354586890536	0.0	0.0	0.15457964913098365	0.0	0.0	0.0	0.00025010101544067133	0.0	0.0	0.17114917758821283	0.1422776324528395	0.0	0.4952700852256329
Kidney-RCC::MSI-H.S.1	A[T>A]A	0.009399455385321425	0.0	0.0	0.16002526417972723	0.0	0.0	0.0	0.06403799689163465	0.0	0.0	0.23482449306312808	0.29059464063446094	0.0	0.2411181498457276
Kidney-RCC::MSI-H.S.1	A[T>A]C	0.03435849736426567	0.0	0.0	0.19705251708631424	0.0	0.0	0.0	0.13712814886332256	0.0	0.0	0.16928642954523127	0.2901888551284028	0.0	0.1719855520124634
Kidney-RCC::MSI-H.S.1	A[T>A]G	0.018853398565212825	0.0	0.0	0.27835514701540104	0.0	0.0	0.0	0.006460778727796276	0.0	0.0	0.30795335233330223	0.38830065997617136	0.0	7.666338211633186e-05
Kidney-RCC::MSI-H.S.1	A[T>A]T	0.0009058341355866224	0.0	0.0	0.05663826152138258	0.0	0.0	0.0	0.012475777853860509	0.0	0.0	0.11054565752213681	0.1648905425801175	0.0	0.6545439263869159
Kidney-RCC::MSI-H.S.1	A[T>C]A	0.003920951311648062	0.0	0.0	0.3067090722374518	0.0	0.0	0.0	0.09463035462189393	0.0	0.0	0.12133868480109665	0.17533538735465676	0.0	0.29806554967325277
Kidney-RCC::MSI-H.S.1	A[T>C]C	0.03955362206582858	0.0	0.0	0.32176372392769925	0.0	0.0	0.0	0.20495648453577697	0.0	0.0	0.08107526353321239	0.17166402539481934	0.0	0.18098688054266346
Kidney-RCC::MSI-H.S.1	A[T>C]G	0.0004250800419587075	0.0	0.0	0.28271377164404193	0.0	0.0	0.0	0.024510079269959042	0.0	0.0	0.06523486199313847	0.1588181790311537	0.0	0.46829802801974824
Kidney-RCC::MSI-H.S.1	A[T>C]T	0.02745895347175984	0.0	0.0	0.3381351239109429	0.0	0.0	0.0	0.19291270414124934	0.0	0.0	0.17643757899184606	0.259571946339928	0.0	0.00548369314427393
Kidney-RCC::MSI-H.S.1	A[T>G]A	0.0032768904206295583	0.0	0.0	0.1357185081723579	0.0	0.0	0.0	0.011764343058523521	0.0	0.0	0.20521837126229414	0.6440199245267698	0.0	1.962559425052785e-06
Kidney-RCC::MSI-H.S.1	A[T>G]C	0.003583125585997202	0.0	0.0	0.08305848010939944	0.0	0.0	0.0	0.011915738990804947	0.0	0.0	0.1608735222382039	0.7381470555866676	0.0	0.002422077488926824
Kidney-RCC::MSI-H.S.1	A[T>G]G	0.004230277054331789	0.0	0.0	0.2312987631941788	0.0	0.0	0.0	0.004649682470339925	0.0	0.0	0.16560797114735146	0.5937072097764904	0.0	0.0005060963573076283
Kidney-RCC::MSI-H.S.1	A[T>G]T	0.0007319822092959299	0.0	0.0	0.05825707234108763	0.0	0.0	0.0	0.0007155436187411237	0.0	0.0	0.15133993839037282	0.7491117544192746	0.0	0.039843709021227865
Kidney-RCC::MSI-H.S.1	C[C>A]A	0.004740741746240048	0.0	0.0	0.20835337193861447	0.0	0.0	0.0	5.313913460873143e-15	0.0	0.0	0.4174232176957617	0.367630460169338	0.0	0.001852208450040575
Kidney-RCC::MSI-H.S.1	C[C>A]C	0.009661609167786696	0.0	0.0	0.061162358779284665	0.0	0.0	0.0	0.02210642969282495	0.0	0.0	0.11686473682247478	0.0880573956948683	0.0	0.7021474698427606
Kidney-RCC::MSI-H.S.1	C[C>A]G	0.002950835374130438	0.0	0.0	0.20220958371007075	0.0	0.0	0.0	0.0987688985959716	0.0	0.0	0.10240116676908939	0.08519757343981835	0.0	0.5084719421109193
Kidney-RCC::MSI-H.S.1	C[C>A]T	4.894653405439318e-16	0.0	0.0	0.026294102151309763	0.0	0.0	0.0	0.0660505412136801	0.0	0.0	0.029422497792395814	0.061081324642885015	0.0	0.8171515341997289
Kidney-RCC::MSI-H.S.1	C[C>G]A	0.0005881654232067201	0.0	0.0	0.3135366071625792	0.0	0.0	0.0	0.0007575216062573668	0.0	0.0	0.19620657703881283	0.4832954325570784	0.0	0.005615696212065611
Kidney-RCC::MSI-H.S.1	C[C>G]C	0.0012759133982784153	0.0	0.0	0.27814024481480143	0.0	0.0	0.0	0.007145757845494967	0.0	0.0	0.14483861171525972	0.566823583729302	0.0	0.0017758884968634928
Kidney-RCC::MSI-H.S.1	C[C>G]G	0.03581121672666215	0.0	0.0	0.4675153124407043	0.0	0.0	0.0	0.0016187047827531725	0.0	0.0	0.18893938422469708	0.3061153818251798	0.0	3.3536482880857295e-15
Kidney-RCC::MSI-H.S.1	C[C>G]T	2.406166278796455e-15	0.0	0.0	0.189806133027145	0.0	0.0	0.0	0.002940987263639585	0.0	0.0	0.1372346122099933	0.6660161403277968	0.0	0.004002127171422975
Kidney-RCC::MSI-H.S.1	C[C>T]A	0.014345320515817977	0.0	0.0	0.2568038319765919	0.0	0.0	0.0	0.015253272603430196	0.0	0.0	0.355337118131498	0.24832501551586963	0.0	0.10993544125679235
Kidney-RCC::MSI-H.S.1	C[C>T]C	0.0019027700149055451	0.0	0.0	0.24711296128227245	0.0	0.0	0.0	0.0572823752271187	0.0	0.0	0.4104705439635743	0.1966991358130173	0.0	0.0865322136991118
Kidney-RCC::MSI-H.S.1	C[C>T]G	0.6014022557313694	0.0	0.0	0.09909836542227778	0.0	0.0	0.0	0.03006409929277321	0.0	0.0	0.04009326083939625	0.025154137820677193	0.0	0.20418788089350612
Kidney-RCC::MSI-H.S.1	C[C>T]T	0.001287175756167936	0.0	0.0	0.27997084014566337	0.0	0.0	0.0	0.003362125351848008	0.0	0.0	0.37901506289766146	0.19426247715709583	0.0	0.14210231869156342
Kidney-RCC::MSI-H.S.1	C[T>A]A	0.002044708572514399	0.0	0.0	0.31071540936076436	0.0	0.0	0.0	0.00046376712780961426	0.0	0.0	0.23350732138851582	0.4507375087198796	0.0	0.002531284830516167
Kidney-RCC::MSI-H.S.1	C[T>A]C	0.006255827714998584	0.0	0.0	0.15246803616384197	0.0	0.0	0.0	0.017251603581330387	0.0	0.0	0.21106332537084194	0.39085301667347544	0.0	0.22210819049551161
Kidney-RCC::MSI-H.S.1	C[T>A]G	0.008462915171811783	0.0	0.0	0.24150875219325577	0.0	0.0	0.0	0.0051432081149699015	0.0	0.0	0.2989002038205248	0.3807188280011283	0.0	0.0652660926983095
Kidney-RCC::MSI-H.S.1	C[T>A]T	0.004831000205751197	0.0	0.0	0.14745241886151636	0.0	0.0	0.0	6.498097203457992e-15	0.0	0.0	0.3523025817284568	0.4943134173868111	0.0	0.0011005818174579715
Kidney-RCC::MSI-H.S.1	C[T>C]A	1.436040956662986e-15	0.0	0.0	0.15809211316607444	0.0	0.0	0.0	0.11667713628379484	0.0	0.0	0.07851761476347523	0.24299223345458515	0.0	0.40372090233206887
Kidney-RCC::MSI-H.S.1	C[T>C]C	0.038170917655466395	0.0	0.0	0.2930524625714326	0.0	0.0	0.0	0.06782512432075231	0.0	0.0	0.15031808066499688	0.24086897414815356	0.0	0.20976444063919816
Kidney-RCC::MSI-H.S.1	C[T>C]G	0.001500055110709149	0.0	0.0	0.15995117567002	0.0	0.0	0.0	0.09451830784769108	0.0	0.0	0.042795511655283155	0.09657579487380774	0.0	0.6046591548424889
Kidney-RCC::MSI-H.S.1	C[T>C]T	0.00030466232565947105	0.0	0.0	0.19669441066383922	0.0	0.0	0.0	0.24450898589958403	0.0	0.0	0.09675852792622386	0.22496162536441908	0.0	0.23677178782027428
Kidney-RCC::MSI-H.S.1	C[T>G]A	0.001641418005838026	0.0	0.0	0.2210482962077187	0.0	0.0	0.0	0.00031690307121570076	0.0	0.0	0.1410443179144731	0.5894897763062208	0.0	0.04645928849453384
Kidney-RCC::MSI-H.S.1	C[T>G]C	0.0038963005554059466	0.0	0.0	0.1563638100608553	0.0	0.0	0.0	0.0015750124892214788	0.0	0.0	0.09694567360136311	0.5415892706269166	0.0	0.19962993266623758
Kidney-RCC::MSI-H.S.1	C[T>G]G	0.0025043742000218053	0.0	0.0	0.2213442595389941	0.0	0.0	0.0	0.0006195175724913626	0.0	0.0	0.08385843137193119	0.40019455614643706	0.0	0.2914788611701245
Kidney-RCC::MSI-H.S.1	C[T>G]T	0.00223977585434361	0.0	0.0	0.17646220043715433	0.0	0.0	0.0	0.003817061996719651	0.0	0.0	0.11263222126843993	0.683254916958314	0.0	0.0215938234850285
Kidney-RCC::MSI-H.S.1	G[C>A]A	0.0289827871259384	0.0	0.0	0.3453049806779293	0.0	0.0	0.0	0.061836647068829895	0.0	0.0	0.3717420855324737	0.19213349959482812	0.0	6.046773379565587e-16
Kidney-RCC::MSI-H.S.1	G[C>A]C	0.004280504288435252	0.0	0.0	0.17826922709233473	0.0	0.0	0.0	0.14062539298507798	0.0	0.0	0.2773052163812445	0.14635584537624044	0.0	0.25316381387666725
Kidney-RCC::MSI-H.S.1	G[C>A]G	0.030193356401649128	0.0	0.0	0.2221307992061207	0.0	0.0	0.0	0.13693331055921942	0.0	0.0	0.36339883193015704	0.11374017777498675	0.0	0.13360352412786705
Kidney-RCC::MSI-H.S.1	G[C>A]T	2.1727211681211247e-15	0.0	0.0	0.12265353648038889	0.0	0.0	0.0	0.13662025528429	0.0	0.0	0.12329640559431783	0.1446662324163565	0.0	0.47276357022464455
Kidney-RCC::MSI-H.S.1	G[C>G]A	0.00043610067573631237	0.0	0.0	0.3928353603666755	0.0	0.0	0.0	0.02779880204295771	0.0	0.0	0.24188883292907207	0.29427696589887375	0.0	0.0427639380866846
Kidney-RCC::MSI-H.S.1	G[C>G]C	0.004927159656067747	0.0	0.0	0.28166720074245843	0.0	0.0	0.0	0.0672032383971616	0.0	0.0	0.18486459432215657	0.30784459799915603	0.0	0.1534932088829996
Kidney-RCC::MSI-H.S.1	G[C>G]G	0.0246181638421623	0.0	0.0	0.413280791416625	0.0	0.0	0.0	0.027332877715712838	0.0	0.0	0.19098934612055007	0.343778820904945	0.0	4.888653933475813e-15
Kidney-RCC::MSI-H.S.1	G[C>G]T	4.784365578808565e-15	0.0	0.0	0.26612479186255594	0.0	0.0	0.0	0.006997053743635718	0.0	0.0	0.1338272301068416	0.42261635899988637	0.0	0.17043456528707554
Kidney-RCC::MSI-H.S.1	G[C>T]A	0.008019595192396367	0.0	0.0	0.06466817846559207	0.0	0.0	0.0	0.026517599541449152	0.0	0.0	0.1075178165381549	0.05271365642703202	0.0	0.7405631538353756
Kidney-RCC::MSI-H.S.1	G[C>T]C	0.00018999648750496432	0.0	0.0	0.08162965007435499	0.0	0.0	0.0	0.06322365665290479	0.0	0.0	0.1037489661179278	0.03557792872781117	0.0	0.7156298019394963
Kidney-RCC::MSI-H.S.1	G[C>T]G	0.45624545365650226	0.0	0.0	0.04750798416989495	0.0	0.0	0.0	0.00014308727225677162	0.0	0.0	0.038765141551602704	0.01166871734314307	0.0	0.4456696160066003
Kidney-RCC::MSI-H.S.1	G[C>T]T	9.555597988215646e-05	0.0	0.0	0.08543507030249001	0.0	0.0	0.0	0.03156083493995266	0.0	0.0	0.11518579354210776	0.05607137364652426	0.0	0.7116513715890432
Kidney-RCC::MSI-H.S.1	G[T>A]A	0.0023443066194461467	0.0	0.0	0.195578457437105	0.0	0.0	0.0	0.05321942541078887	0.0	0.0	0.18077735100827452	0.42427254105058915	0.0	0.14380791847379648
Kidney-RCC::MSI-H.S.1	G[T>A]C	0.0030818552180177645	0.0	0.0	0.1283023624111103	0.0	0.0	0.0	0.12268420825895694	0.0	0.0	0.17732773658248743	0.3265435747456266	0.0	0.24206026278380102
Kidney-RCC::MSI-H.S.1	G[T>A]G	0.00543542664308224	0.0	0.0	0.16759430215659585	0.0	0.0	0.0	0.02582561249143247	0.0	0.0	0.19927095439134374	0.3922311047341121	0.0	0.20964259958343365
Kidney-RCC::MSI-H.S.1	G[T>A]T	0.005262592719693075	0.0	0.0	0.12121463789837285	0.0	0.0	0.0	0.030107048129715618	0.0	0.0	0.20136262097443414	0.3635717088426695	0.0	0.2784813914351148
Kidney-RCC::MSI-H.S.1	G[T>C]A	0.0019551507895500947	0.0	0.0	0.0484540121972909	0.0	0.0	0.0	0.6541010505832356	0.0	0.0	0.017957634574946816	0.06168605186449834	0.0	0.21584609999047807
Kidney-RCC::MSI-H.S.1	G[T>C]C	0.013476344677768894	0.0	0.0	0.10393421876187492	0.0	0.0	0.0	0.7407658627825247	0.0	0.0	0.0412547790490403	0.06524511800420275	0.0	0.03532367672458848
Kidney-RCC::MSI-H.S.1	G[T>C]G	0.00376186463426764	0.0	0.0	0.08900777746758094	0.0	0.0	0.0	0.5925867174824593	0.0	0.0	0.021640339864288094	0.054193228665272465	0.0	0.2388100718861316
Kidney-RCC::MSI-H.S.1	G[T>C]T	0.00022416078752063374	0.0	0.0	0.07950368895709577	0.0	0.0	0.0	0.658791069543081	0.0	0.0	0.05180681968116633	0.05982330838737334	0.0	0.14985095264376272
Kidney-RCC::MSI-H.S.1	G[T>G]A	1.3461724539251162e-14	0.0	0.0	0.2807973112193238	0.0	0.0	0.0	0.02720122604822443	0.0	0.0	0.1267818010469433	0.565219661685493	0.0	1.990276548217297e-15
Kidney-RCC::MSI-H.S.1	G[T>G]C	1.5140171171631656e-14	0.0	0.0	0.21429823798358963	0.0	0.0	0.0	0.057013684939775856	0.0	0.0	0.139193750080224	0.584160568090169	0.0	0.005333758906226302
Kidney-RCC::MSI-H.S.1	G[T>G]G	0.015015877160912369	0.0	0.0	0.4220525539748697	0.0	0.0	0.0	0.014477702896875952	0.0	0.0	0.1506579152235874	0.37871511894311116	0.0	0.019080831800643485
Kidney-RCC::MSI-H.S.1	G[T>G]T	0.0003156491990196893	0.0	0.0	0.09378130368055346	0.0	0.0	0.0	0.08822212072320781	0.0	0.0	0.08436315070135862	0.47337593379331827	0.0	0.2599418419025422
Kidney-RCC::MSI-H.S.1	T[C>A]A	0.00046668739990642316	0.0	0.0	0.10290092897896586	0.0	0.0	0.0	0.016314691401384578	0.0	0.0	0.3898885878876062	0.46445051635436657	0.0	0.02597858797777026
Kidney-RCC::MSI-H.S.1	T[C>A]C	0.02043143052252128	0.0	0.0	0.13666807889122543	0.0	0.0	0.0	0.003002197765701246	0.0	0.0	0.4738526771938125	0.28907579772087727	0.0	0.07696981790586216
Kidney-RCC::MSI-H.S.1	T[C>A]G	1.1518007952095445e-14	0.0	0.0	0.21927893568351436	0.0	0.0	0.0	0.005558269057128543	0.0	0.0	0.5610296887502786	0.21406326084772048	0.0	6.98456613465073e-05
Kidney-RCC::MSI-H.S.1	T[C>A]T	3.097173235111163e-05	0.0	0.0	0.12347768944794044	0.0	0.0	0.0	1.842415153483531e-15	0.0	0.0	0.2507265389698761	0.25030566112356506	0.0	0.3754591387262653
Kidney-RCC::MSI-H.S.1	T[C>G]A	3.810278610647998e-15	0.0	0.0	0.24631988391561394	0.0	0.0	0.0	0.017605784545563705	0.0	0.0	0.2805309777450617	0.40616541100373105	0.0	0.04937794279002578
Kidney-RCC::MSI-H.S.1	T[C>G]C	0.002549268217103531	0.0	0.0	0.1761378303782258	0.0	0.0	0.0	0.012482384163461474	0.0	0.0	0.19795167649538148	0.6103721689784112	0.0	0.0005066717674165939
Kidney-RCC::MSI-H.S.1	T[C>G]G	0.007223898144525602	0.0	0.0	0.32855253425023434	0.0	0.0	0.0	0.010283146789066559	0.0	0.0	0.19564676299024894	0.4582936578259212	0.0	3.4318613414011758e-15
Kidney-RCC::MSI-H.S.1	T[C>G]T	0.010947585609243589	0.0	0.0	0.16189119320588666	0.0	0.0	0.0	0.007594505515861877	0.0	0.0	0.22974913299942787	0.5117837816997306	0.0	0.07803380096984942
Kidney-RCC::MSI-H.S.1	T[C>T]A	0.005156338861498951	0.0	0.0	0.17403397022025321	0.0	0.0	0.0	0.02634328100327823	0.0	0.0	0.391814017179645	0.37473107463709066	0.0	0.02792131809823393
Kidney-RCC::MSI-H.S.1	T[C>T]C	0.00020707828771329717	0.0	0.0	0.23569488405772407	0.0	0.0	0.0	0.0007059039615419993	0.0	0.0	0.5091126866917484	0.20064119355911944	0.0	0.05363825344215286
Kidney-RCC::MSI-H.S.1	T[C>T]G	0.6853035298987129	0.0	0.0	0.1828129139449326	0.0	0.0	0.0	0.003110987129914783	0.0	0.0	0.08797194391169942	0.04080062511474012	0.0	2.0536703881552492e-16
Kidney-RCC::MSI-H.S.1	T[C>T]T	1.4604908957096638e-15	0.0	0.0	0.2538691179031246	0.0	0.0	0.0	0.0007543236409538562	0.0	0.0	0.43942844672652215	0.2210169038042354	0.0	0.08493120792516248
Kidney-RCC::MSI-H.S.1	T[T>A]A	0.06408444436433816	0.0	0.0	0.11105346637877662	0.0	0.0	0.0	0.0038606940625725613	0.0	0.0	0.1811994944037637	0.3548432419374509	0.0	0.2849586588530982
Kidney-RCC::MSI-H.S.1	T[T>A]C	2.9248408600177737e-15	0.0	0.0	0.10022920528380164	0.0	0.0	0.0	0.016428225098549284	0.0	0.0	0.23908694454297472	0.6430900933671128	0.0	0.0011655317075587213
Kidney-RCC::MSI-H.S.1	T[T>A]G	0.0005809964804690697	0.0	0.0	0.18346260306557044	0.0	0.0	0.0	0.0032203127516033676	0.0	0.0	0.23337192440353885	0.5789169903160993	0.0	0.0004471729827190041
Kidney-RCC::MSI-H.S.1	T[T>A]T	0.009758063229852306	0.0	0.0	0.070033966218751	0.0	0.0	0.0	0.0005219679189472124	0.0	0.0	0.15787281633499695	0.5030006556478355	0.0	0.25881253064961707
Kidney-RCC::MSI-H.S.1	T[T>C]A	0.0008012016243940528	0.0	0.0	0.1043744269518979	0.0	0.0	0.0	0.4167379488503829	0.0	0.0	0.04616097992910372	0.16348713232444154	0.0	0.26843831031978
Kidney-RCC::MSI-H.S.1	T[T>C]C	0.019393537405472453	0.0	0.0	0.1025169997568819	0.0	0.0	0.0	0.4938403822070686	0.0	0.0	0.03503438130469035	0.09132392443616831	0.0	0.2578907748897184
Kidney-RCC::MSI-H.S.1	T[T>C]G	0.00238352152363353	0.0	0.0	0.13429159212301778	0.0	0.0	0.0	0.24910562802135686	0.0	0.0	0.04238914346302435	0.1019919443824954	0.0	0.469838170486472
Kidney-RCC::MSI-H.S.1	T[T>C]T	0.013853972776059268	0.0	0.0	0.10923897839584529	0.0	0.0	0.0	0.20513023049023618	0.0	0.0	0.05055955864923587	0.11159353744861542	0.0	0.509623722240008
Kidney-RCC::MSI-H.S.1	T[T>G]A	3.498222520189185e-15	0.0	0.0	0.1511505176382789	0.0	0.0	0.0	0.011492680262741336	0.0	0.0	0.17430476919128843	0.6630520329076873	0.0	5.172019544804506e-16
Kidney-RCC::MSI-H.S.1	T[T>G]C	0.0005793810588464668	0.0	0.0	0.12732482890030764	0.0	0.0	0.0	0.006278814154549376	0.0	0.0	0.13488546235474008	0.730931513531556	0.0	3.466811938323402e-16
Kidney-RCC::MSI-H.S.1	T[T>G]G	0.008968826997092623	0.0	0.0	0.19703637506319854	0.0	0.0	0.0	0.0031745935232806405	0.0	0.0	0.12866996516589482	0.6015846512471724	0.0	0.060565588003360996
Kidney-RCC::MSI-H.S.1	T[T>G]T	9.6332982265529e-16	0.0	0.0	0.1076466479109062	0.0	0.0	0.0	1.511017408019571e-15	0.0	0.0	0.128811904312835	0.5965942720452923	0.0	0.16694717573096393
