Sample Names	MutationType	SBS1	SBS4	SBS5	SBS6	SBS9	SBS12	SBS14	SBS16	SBS17a	SBS17b	SBS18	SBS19	SBS22a	SBS24	SBS26	SBS29	SBS30	SBS31	SBS35	SBS40
Liver-HCC::MSI-H.S.36	A[C>A]A	0.00045104141925824385	0.0	0.9850145766358414	0.0	0.0	0.0	0.014534381944900398	0.0	0.0	0.0	0.0	0.0	0.0	0.0	0.0	0.0	0.0	0.0	0.0	0.0
Liver-HCC::MSI-H.S.36	A[C>A]C	0.0012268984405404673	0.0	0.8190761549750964	0.0	0.0	0.0	0.1796969465843631	0.0	0.0	0.0	0.0	0.0	0.0	0.0	0.0	0.0	0.0	0.0	0.0	0.0
Liver-HCC::MSI-H.S.36	A[C>A]G	0.0005728086921038128	0.0	0.9653563643073154	0.0	0.0	0.0	0.03407082700058085	0.0	0.0	0.0	0.0	0.0	0.0	0.0	0.0	0.0	0.0	0.0	0.0	0.0
Liver-HCC::MSI-H.S.36	A[C>A]T	0.0004034430767006492	0.0	0.3359327948174068	0.0	0.0	0.0	0.6636637621058925	0.0	0.0	0.0	0.0	0.0	0.0	0.0	0.0	0.0	0.0	0.0	0.0	0.0
Liver-HCC::MSI-H.S.36	A[C>G]A	0.0011408202523610046	0.0	0.9988591797476356	0.0	0.0	0.0	3.4694630222220958e-15	0.0	0.0	0.0	0.0	0.0	0.0	0.0	0.0	0.0	0.0	0.0	0.0	0.0
Liver-HCC::MSI-H.S.36	A[C>G]C	0.0013254426936760693	0.0	0.9985145522236437	0.0	0.0	0.0	0.00016000508268028876	0.0	0.0	0.0	0.0	0.0	0.0	0.0	0.0	0.0	0.0	0.0	0.0	0.0
Liver-HCC::MSI-H.S.36	A[C>G]G	0.00041300235477868114	0.0	0.996009017074669	0.0	0.0	0.0	0.0035779805705523807	0.0	0.0	0.0	0.0	0.0	0.0	0.0	0.0	0.0	0.0	0.0	0.0	0.0
Liver-HCC::MSI-H.S.36	A[C>G]T	0.000697296117002957	0.0	0.9961218828833212	0.0	0.0	0.0	0.003180820999675902	0.0	0.0	0.0	0.0	0.0	0.0	0.0	0.0	0.0	0.0	0.0	0.0	0.0
Liver-HCC::MSI-H.S.36	A[C>T]A	0.004466209154231416	0.0	0.9390639737536658	0.0	0.0	0.0	0.056469817092102866	0.0	0.0	0.0	0.0	0.0	0.0	0.0	0.0	0.0	0.0	0.0	0.0	0.0
Liver-HCC::MSI-H.S.36	A[C>T]C	0.002006337514814979	0.0	0.916259449349398	0.0	0.0	0.0	0.08173421313578698	0.0	0.0	0.0	0.0	0.0	0.0	0.0	0.0	0.0	0.0	0.0	0.0	0.0
Liver-HCC::MSI-H.S.36	A[C>T]G	0.17918494324218803	0.0	0.4891878386568011	0.0	0.0	0.0	0.33162721810101076	0.0	0.0	0.0	0.0	0.0	0.0	0.0	0.0	0.0	0.0	0.0	0.0	0.0
Liver-HCC::MSI-H.S.36	A[C>T]T	0.00241472818142876	0.0	0.894136760141208	0.0	0.0	0.0	0.10344851167736317	0.0	0.0	0.0	0.0	0.0	0.0	0.0	0.0	0.0	0.0	0.0	0.0	0.0
Liver-HCC::MSI-H.S.36	A[T>A]A	0.0006631336260479247	0.0	0.9863839652224501	0.0	0.0	0.0	0.012952901151502121	0.0	0.0	0.0	0.0	0.0	0.0	0.0	0.0	0.0	0.0	0.0	0.0	0.0
Liver-HCC::MSI-H.S.36	A[T>A]C	0.0019749879027863106	0.0	0.9896265897294235	0.0	0.0	0.0	0.008398422367790166	0.0	0.0	0.0	0.0	0.0	0.0	0.0	0.0	0.0	0.0	0.0	0.0	0.0
Liver-HCC::MSI-H.S.36	A[T>A]G	0.0007699098485383408	0.0	0.9931356542998756	0.0	0.0	0.0	0.006094435851585941	0.0	0.0	0.0	0.0	0.0	0.0	0.0	0.0	0.0	0.0	0.0	0.0	0.0
Liver-HCC::MSI-H.S.36	A[T>A]T	0.00017477735417445887	0.0	0.9547847714418908	0.0	0.0	0.0	0.045040451203934795	0.0	0.0	0.0	0.0	0.0	0.0	0.0	0.0	0.0	0.0	0.0	0.0	0.0
Liver-HCC::MSI-H.S.36	A[T>C]A	0.0001402529211084249	0.0	0.9585310356669963	0.0	0.0	0.0	0.041328711411895265	0.0	0.0	0.0	0.0	0.0	0.0	0.0	0.0	0.0	0.0	0.0	0.0	0.0
Liver-HCC::MSI-H.S.36	A[T>C]C	0.0013079308073409015	0.0	0.9295969294623425	0.0	0.0	0.0	0.06909513973031645	0.0	0.0	0.0	0.0	0.0	0.0	0.0	0.0	0.0	0.0	0.0	0.0	0.0
Liver-HCC::MSI-H.S.36	A[T>C]G	1.6369038545147687e-05	0.0	0.9511708061204949	0.0	0.0	0.0	0.04881282484096008	0.0	0.0	0.0	0.0	0.0	0.0	0.0	0.0	0.0	0.0	0.0	0.0	0.0
Liver-HCC::MSI-H.S.36	A[T>C]T	0.0009062922653736352	0.0	0.9750652277141985	0.0	0.0	0.0	0.024028480020427928	0.0	0.0	0.0	0.0	0.0	0.0	0.0	0.0	0.0	0.0	0.0	0.0	0.0
Liver-HCC::MSI-H.S.36	A[T>G]A	0.0002738987925086767	0.0	0.9911202903872399	0.0	0.0	0.0	0.008605810820251294	0.0	0.0	0.0	0.0	0.0	0.0	0.0	0.0	0.0	0.0	0.0	0.0	0.0
Liver-HCC::MSI-H.S.36	A[T>G]C	0.00041805868797369577	0.0	0.8466780363358257	0.0	0.0	0.0	0.15290390497620068	0.0	0.0	0.0	0.0	0.0	0.0	0.0	0.0	0.0	0.0	0.0	0.0	0.0
Liver-HCC::MSI-H.S.36	A[T>G]G	0.000206375770383598	0.0	0.9858760070298954	0.0	0.0	0.0	0.013917617199721033	0.0	0.0	0.0	0.0	0.0	0.0	0.0	0.0	0.0	0.0	0.0	0.0	0.0
Liver-HCC::MSI-H.S.36	A[T>G]T	0.00010547467471806805	0.0	0.733424504024257	0.0	0.0	0.0	0.26647002130102493	0.0	0.0	0.0	0.0	0.0	0.0	0.0	0.0	0.0	0.0	0.0	0.0	0.0
Liver-HCC::MSI-H.S.36	C[C>A]A	0.000193325932508843	0.0	0.7423409879667862	0.0	0.0	0.0	0.2574656861007049	0.0	0.0	0.0	0.0	0.0	0.0	0.0	0.0	0.0	0.0	0.0	0.0	0.0
Liver-HCC::MSI-H.S.36	C[C>A]C	0.0011981262656840443	0.0	0.6626686737633616	0.0	0.0	0.0	0.33613319997095437	0.0	0.0	0.0	0.0	0.0	0.0	0.0	0.0	0.0	0.0	0.0	0.0	0.0
Liver-HCC::MSI-H.S.36	C[C>A]G	0.00015709420280799163	0.0	0.9405372573620953	0.0	0.0	0.0	0.059305648435096635	0.0	0.0	0.0	0.0	0.0	0.0	0.0	0.0	0.0	0.0	0.0	0.0	0.0
Liver-HCC::MSI-H.S.36	C[C>A]T	2.905303408579927e-17	0.0	0.1363599979691881	0.0	0.0	0.0	0.8636400020308119	0.0	0.0	0.0	0.0	0.0	0.0	0.0	0.0	0.0	0.0	0.0	0.0	0.0
Liver-HCC::MSI-H.S.36	C[C>G]A	2.1428934495254446e-05	0.0	0.9980411157035677	0.0	0.0	0.0	0.0019374553619370281	0.0	0.0	0.0	0.0	0.0	0.0	0.0	0.0	0.0	0.0	0.0	0.0	0.0
Liver-HCC::MSI-H.S.36	C[C>G]C	5.243015866785292e-05	0.0	0.9985800785982932	0.0	0.0	0.0	0.0013674912430388314	0.0	0.0	0.0	0.0	0.0	0.0	0.0	0.0	0.0	0.0	0.0	0.0	0.0
Liver-HCC::MSI-H.S.36	C[C>G]G	0.0008748989588705355	0.0	0.9979154665237386	0.0	0.0	0.0	0.0012096345173907299	0.0	0.0	0.0	0.0	0.0	0.0	0.0	0.0	0.0	0.0	0.0	0.0	0.0
Liver-HCC::MSI-H.S.36	C[C>G]T	1.4466910006790076e-16	0.0	0.9970558275654855	0.0	0.0	0.0	0.002944172434514317	0.0	0.0	0.0	0.0	0.0	0.0	0.0	0.0	0.0	0.0	0.0	0.0	0.0
Liver-HCC::MSI-H.S.36	C[C>T]A	0.0006250606120884613	0.0	0.9776253802891061	0.0	0.0	0.0	0.021749559098805507	0.0	0.0	0.0	0.0	0.0	0.0	0.0	0.0	0.0	0.0	0.0	0.0	0.0
Liver-HCC::MSI-H.S.36	C[C>T]C	8.712351756300882e-05	0.0	0.9885615595711552	0.0	0.0	0.0	0.011351316911281844	0.0	0.0	0.0	0.0	0.0	0.0	0.0	0.0	0.0	0.0	0.0	0.0	0.0
Liver-HCC::MSI-H.S.36	C[C>T]G	0.059153042518726516	0.0	0.8516038512890847	0.0	0.0	0.0	0.08924310619218875	0.0	0.0	0.0	0.0	0.0	0.0	0.0	0.0	0.0	0.0	0.0	0.0	0.0
Liver-HCC::MSI-H.S.36	C[C>T]T	5.213384026687275e-05	0.0	0.9907264490896897	0.0	0.0	0.0	0.009221417070043623	0.0	0.0	0.0	0.0	0.0	0.0	0.0	0.0	0.0	0.0	0.0	0.0	0.0
Liver-HCC::MSI-H.S.36	C[T>A]A	7.479647411322833e-05	0.0	0.9930510866521788	0.0	0.0	0.0	0.006874116873707867	0.0	0.0	0.0	0.0	0.0	0.0	0.0	0.0	0.0	0.0	0.0	0.0	0.0
Liver-HCC::MSI-H.S.36	C[T>A]C	0.00043071364174606167	0.0	0.9171529028323248	0.0	0.0	0.0	0.0824163835259293	0.0	0.0	0.0	0.0	0.0	0.0	0.0	0.0	0.0	0.0	0.0	0.0	0.0
Liver-HCC::MSI-H.S.36	C[T>A]G	0.00039694730047623296	0.0	0.9897028712586099	0.0	0.0	0.0	0.009900181440913796	0.0	0.0	0.0	0.0	0.0	0.0	0.0	0.0	0.0	0.0	0.0	0.0	0.0
Liver-HCC::MSI-H.S.36	C[T>A]T	0.00035676063691395915	0.0	0.9513730986232817	0.0	0.0	0.0	0.048270140739804235	0.0	0.0	0.0	0.0	0.0	0.0	0.0	0.0	0.0	0.0	0.0	0.0	0.0
Liver-HCC::MSI-H.S.36	C[T>C]A	1.0020360237614723e-16	0.0	0.9637975195002805	0.0	0.0	0.0	0.036202480499719566	0.0	0.0	0.0	0.0	0.0	0.0	0.0	0.0	0.0	0.0	0.0	0.0	0.0
Liver-HCC::MSI-H.S.36	C[T>C]C	0.0013769985926428284	0.0	0.9236455918366462	0.0	0.0	0.0	0.074977409570711	0.0	0.0	0.0	0.0	0.0	0.0	0.0	0.0	0.0	0.0	0.0	0.0	0.0
Liver-HCC::MSI-H.S.36	C[T>C]G	0.00010380194891586043	0.0	0.9670408506706052	0.0	0.0	0.0	0.03285534738047905	0.0	0.0	0.0	0.0	0.0	0.0	0.0	0.0	0.0	0.0	0.0	0.0	0.0
Liver-HCC::MSI-H.S.36	C[T>C]T	1.734881528636751e-05	0.0	0.9785931698921551	0.0	0.0	0.0	0.021389481292558535	0.0	0.0	0.0	0.0	0.0	0.0	0.0	0.0	0.0	0.0	0.0	0.0	0.0
Liver-HCC::MSI-H.S.36	C[T>G]A	8.473305807973125e-05	0.0	0.9969650882483777	0.0	0.0	0.0	0.0029501786935425675	0.0	0.0	0.0	0.0	0.0	0.0	0.0	0.0	0.0	0.0	0.0	0.0	0.0
Liver-HCC::MSI-H.S.36	C[T>G]C	0.0002737668066763354	0.0	0.9598948798569248	0.0	0.0	0.0	0.03983135333639881	0.0	0.0	0.0	0.0	0.0	0.0	0.0	0.0	0.0	0.0	0.0	0.0	0.0
Liver-HCC::MSI-H.S.36	C[T>G]G	0.0001280475059955529	0.0	0.9887790528150361	0.0	0.0	0.0	0.011092899678968354	0.0	0.0	0.0	0.0	0.0	0.0	0.0	0.0	0.0	0.0	0.0	0.0	0.0
Liver-HCC::MSI-H.S.36	C[T>G]T	0.00014229083344143218	0.0	0.9794519749660207	0.0	0.0	0.0	0.02040573420053778	0.0	0.0	0.0	0.0	0.0	0.0	0.0	0.0	0.0	0.0	0.0	0.0	0.0
Liver-HCC::MSI-H.S.36	G[C>A]A	0.000929809519736825	0.0	0.9678672061781333	0.0	0.0	0.0	0.03120298430212995	0.0	0.0	0.0	0.0	0.0	0.0	0.0	0.0	0.0	0.0	0.0	0.0	0.0
Liver-HCC::MSI-H.S.36	G[C>A]C	0.00018782699799687155	0.0	0.6834371046620773	0.0	0.0	0.0	0.3163750683399258	0.0	0.0	0.0	0.0	0.0	0.0	0.0	0.0	0.0	0.0	0.0	0.0	0.0
Liver-HCC::MSI-H.S.36	G[C>A]G	0.001445138886835851	0.0	0.9288938004199475	0.0	0.0	0.0	0.0696610606932167	0.0	0.0	0.0	0.0	0.0	0.0	0.0	0.0	0.0	0.0	0.0	0.0	0.0
Liver-HCC::MSI-H.S.36	G[C>A]T	5.171172785345822e-17	0.0	0.25504934908260224	0.0	0.0	0.0	0.7449506509173978	0.0	0.0	0.0	0.0	0.0	0.0	0.0	0.0	0.0	0.0	0.0	0.0	0.0
Liver-HCC::MSI-H.S.36	G[C>G]A	1.2706079758855263e-05	0.0	0.9999872939202337	0.0	0.0	0.0	7.495972771946141e-15	0.0	0.0	0.0	0.0	0.0	0.0	0.0	0.0	0.0	0.0	0.0	0.0	0.0
Liver-HCC::MSI-H.S.36	G[C>G]C	0.00019990785560312232	0.0	0.9984552256445993	0.0	0.0	0.0	0.001344866499797501	0.0	0.0	0.0	0.0	0.0	0.0	0.0	0.0	0.0	0.0	0.0	0.0	0.0
Liver-HCC::MSI-H.S.36	G[C>G]G	0.0006813266064773217	0.0	0.9993186733934996	0.0	0.0	0.0	2.321701741454239e-14	0.0	0.0	0.0	0.0	0.0	0.0	0.0	0.0	0.0	0.0	0.0	0.0	0.0
Liver-HCC::MSI-H.S.36	G[C>G]T	2.0538116979768544e-16	0.0	0.9981152516954572	0.0	0.0	0.0	0.0018847483045424961	0.0	0.0	0.0	0.0	0.0	0.0	0.0	0.0	0.0	0.0	0.0	0.0	0.0
Liver-HCC::MSI-H.S.36	G[C>T]A	0.001244240453533087	0.0	0.8766002491696576	0.0	0.0	0.0	0.12215551037680923	0.0	0.0	0.0	0.0	0.0	0.0	0.0	0.0	0.0	0.0	0.0	0.0	0.0
Liver-HCC::MSI-H.S.36	G[C>T]C	2.5138224422574155e-05	0.0	0.9436176440307714	0.0	0.0	0.0	0.05635721774480617	0.0	0.0	0.0	0.0	0.0	0.0	0.0	0.0	0.0	0.0	0.0	0.0	0.0
Liver-HCC::MSI-H.S.36	G[C>T]G	0.09901136601249635	0.0	0.9007664387679065	0.0	0.0	0.0	0.0002221952195969901	0.0	0.0	0.0	0.0	0.0	0.0	0.0	0.0	0.0	0.0	0.0	0.0	0.0
Liver-HCC::MSI-H.S.36	G[C>T]T	1.175252371863335e-05	0.0	0.918054657579565	0.0	0.0	0.0	0.08193358989671642	0.0	0.0	0.0	0.0	0.0	0.0	0.0	0.0	0.0	0.0	0.0	0.0	0.0
Liver-HCC::MSI-H.S.36	G[T>A]A	0.00013683500617840845	0.0	0.9973851778094242	0.0	0.0	0.0	0.00247798718439752	0.0	0.0	0.0	0.0	0.0	0.0	0.0	0.0	0.0	0.0	0.0	0.0	0.0
Liver-HCC::MSI-H.S.36	G[T>A]C	0.00023936093244312167	0.0	0.8706323094992054	0.0	0.0	0.0	0.1291283295683513	0.0	0.0	0.0	0.0	0.0	0.0	0.0	0.0	0.0	0.0	0.0	0.0	0.0
Liver-HCC::MSI-H.S.36	G[T>A]G	0.0003693642025120454	0.0	0.9950376289063684	0.0	0.0	0.0	0.004593006891119522	0.0	0.0	0.0	0.0	0.0	0.0	0.0	0.0	0.0	0.0	0.0	0.0	0.0
Liver-HCC::MSI-H.S.36	G[T>A]T	0.00047662724339115925	0.0	0.9591648641279604	0.0	0.0	0.0	0.04035850862864832	0.0	0.0	0.0	0.0	0.0	0.0	0.0	0.0	0.0	0.0	0.0	0.0	0.0
Liver-HCC::MSI-H.S.36	G[T>C]A	0.00041096339887228706	0.0	0.8898395863235791	0.0	0.0	0.0	0.10974945027754872	0.0	0.0	0.0	0.0	0.0	0.0	0.0	0.0	0.0	0.0	0.0	0.0	0.0
Liver-HCC::MSI-H.S.36	G[T>C]C	0.0013113601003384705	0.0	0.8836239986317984	0.0	0.0	0.0	0.11506464126786305	0.0	0.0	0.0	0.0	0.0	0.0	0.0	0.0	0.0	0.0	0.0	0.0	0.0
Liver-HCC::MSI-H.S.36	G[T>C]G	0.0004332999004975186	0.0	0.8957204162297772	0.0	0.0	0.0	0.10384628386972537	0.0	0.0	0.0	0.0	0.0	0.0	0.0	0.0	0.0	0.0	0.0	0.0	0.0
Liver-HCC::MSI-H.S.36	G[T>C]T	2.8576734314789414e-05	0.0	0.885521937800965	0.0	0.0	0.0	0.1144494854647201	0.0	0.0	0.0	0.0	0.0	0.0	0.0	0.0	0.0	0.0	0.0	0.0	0.0
Liver-HCC::MSI-H.S.36	G[T>G]A	5.460498675854373e-16	0.0	0.9951387611876601	0.0	0.0	0.0	0.00486123881233939	0.0	0.0	0.0	0.0	0.0	0.0	0.0	0.0	0.0	0.0	0.0	0.0	0.0
Liver-HCC::MSI-H.S.36	G[T>G]C	6.771637771040358e-16	0.0	0.8374147859240015	0.0	0.0	0.0	0.16258521407599782	0.0	0.0	0.0	0.0	0.0	0.0	0.0	0.0	0.0	0.0	0.0	0.0	0.0
Liver-HCC::MSI-H.S.36	G[T>G]G	0.0003977871661783163	0.0	0.976845059401237	0.0	0.0	0.0	0.022757153432584647	0.0	0.0	0.0	0.0	0.0	0.0	0.0	0.0	0.0	0.0	0.0	0.0	0.0
Liver-HCC::MSI-H.S.36	G[T>G]T	3.3458073710298726e-05	0.0	0.8685035516862247	0.0	0.0	0.0	0.13146299024006483	0.0	0.0	0.0	0.0	0.0	0.0	0.0	0.0	0.0	0.0	0.0	0.0	0.0
Liver-HCC::MSI-H.S.36	T[C>A]A	5.154715229075166e-05	0.0	0.9930176984095012	0.0	0.0	0.0	0.006930754438207984	0.0	0.0	0.0	0.0	0.0	0.0	0.0	0.0	0.0	0.0	0.0	0.0	0.0
Liver-HCC::MSI-H.S.36	T[C>A]C	0.0012044381763431822	0.0	0.7039015447295056	0.0	0.0	0.0	0.29489401709415114	0.0	0.0	0.0	0.0	0.0	0.0	0.0	0.0	0.0	0.0	0.0	0.0	0.0
Liver-HCC::MSI-H.S.36	T[C>A]G	6.009110085255461e-16	0.0	0.9995137936676386	0.0	0.0	0.0	0.00048620633236084906	0.0	0.0	0.0	0.0	0.0	0.0	0.0	0.0	0.0	0.0	0.0	0.0	0.0
Liver-HCC::MSI-H.S.36	T[C>A]T	9.969401363589485e-07	0.0	0.34725712765154193	0.0	0.0	0.0	0.6527418754083218	0.0	0.0	0.0	0.0	0.0	0.0	0.0	0.0	0.0	0.0	0.0	0.0	0.0
Liver-HCC::MSI-H.S.36	T[C>G]A	1.7698036785811924e-16	0.0	0.9996015548796624	0.0	0.0	0.0	0.00039844512033740474	0.0	0.0	0.0	0.0	0.0	0.0	0.0	0.0	0.0	0.0	0.0	0.0	0.0
Liver-HCC::MSI-H.S.36	T[C>G]C	0.00016511216392565173	0.0	0.9967248162686807	0.0	0.0	0.0	0.0031100715673936046	0.0	0.0	0.0	0.0	0.0	0.0	0.0	0.0	0.0	0.0	0.0	0.0	0.0
Liver-HCC::MSI-H.S.36	T[C>G]G	0.0002511682682045756	0.0	0.9980609638608022	0.0	0.0	0.0	0.0016878678709933105	0.0	0.0	0.0	0.0	0.0	0.0	0.0	0.0	0.0	0.0	0.0	0.0	0.0
Liver-HCC::MSI-H.S.36	T[C>G]T	0.0007702678533198318	0.0	0.9951893924742355	0.0	0.0	0.0	0.004040339672444519	0.0	0.0	0.0	0.0	0.0	0.0	0.0	0.0	0.0	0.0	0.0	0.0	0.0
Liver-HCC::MSI-H.S.36	T[C>T]A	0.00032990883591902894	0.0	0.9728494012816685	0.0	0.0	0.0	0.02682068988241249	0.0	0.0	0.0	0.0	0.0	0.0	0.0	0.0	0.0	0.0	0.0	0.0	0.0
Liver-HCC::MSI-H.S.36	T[C>T]C	1.0046439551909646e-05	0.0	0.9990491561202075	0.0	0.0	0.0	0.0009407974402406067	0.0	0.0	0.0	0.0	0.0	0.0	0.0	0.0	0.0	0.0	0.0	0.0	0.0
Liver-HCC::MSI-H.S.36	T[C>T]G	0.039154757072231046	0.0	0.9125728150224771	0.0	0.0	0.0	0.048272427905291834	0.0	0.0	0.0	0.0	0.0	0.0	0.0	0.0	0.0	0.0	0.0	0.0	0.0
Liver-HCC::MSI-H.S.36	T[C>T]T	6.566859410431103e-17	0.0	0.9973046171796673	0.0	0.0	0.0	0.0026953828203325004	0.0	0.0	0.0	0.0	0.0	0.0	0.0	0.0	0.0	0.0	0.0	0.0	0.0
Liver-HCC::MSI-H.S.36	T[T>A]A	0.006528987381071915	0.0	0.9885176229123391	0.0	0.0	0.0	0.0049533897065889955	0.0	0.0	0.0	0.0	0.0	0.0	0.0	0.0	0.0	0.0	0.0	0.0	0.0
Liver-HCC::MSI-H.S.36	T[T>A]C	3.133038320382514e-16	0.0	0.9380302492696425	0.0	0.0	0.0	0.061969750730357195	0.0	0.0	0.0	0.0	0.0	0.0	0.0	0.0	0.0	0.0	0.0	0.0	0.0
Liver-HCC::MSI-H.S.36	T[T>A]G	3.5823168091676516e-05	0.0	0.9883189706609279	0.0	0.0	0.0	0.011645206170980523	0.0	0.0	0.0	0.0	0.0	0.0	0.0	0.0	0.0	0.0	0.0	0.0	0.0
Liver-HCC::MSI-H.S.36	T[T>A]T	0.0015416094516738914	0.0	0.9666706881229745	0.0	0.0	0.0	0.03178770242535142	0.0	0.0	0.0	0.0	0.0	0.0	0.0	0.0	0.0	0.0	0.0	0.0	0.0
Liver-HCC::MSI-H.S.36	T[T>C]A	8.326669782565312e-05	0.0	0.9477258268289751	0.0	0.0	0.0	0.05219090647319925	0.0	0.0	0.0	0.0	0.0	0.0	0.0	0.0	0.0	0.0	0.0	0.0	0.0
Liver-HCC::MSI-H.S.36	T[T>C]C	0.002063969384607169	0.0	0.9532376727067966	0.0	0.0	0.0	0.04469835790859627	0.0	0.0	0.0	0.0	0.0	0.0	0.0	0.0	0.0	0.0	0.0	0.0	0.0
Liver-HCC::MSI-H.S.36	T[T>C]G	0.00019276580831254723	0.0	0.9488964886584147	0.0	0.0	0.0	0.05091074553327286	0.0	0.0	0.0	0.0	0.0	0.0	0.0	0.0	0.0	0.0	0.0	0.0	0.0
Liver-HCC::MSI-H.S.36	T[T>C]T	0.0014142262638430492	0.0	0.9742743962765711	0.0	0.0	0.0	0.024311377459585875	0.0	0.0	0.0	0.0	0.0	0.0	0.0	0.0	0.0	0.0	0.0	0.0	0.0
Liver-HCC::MSI-H.S.36	T[T>G]A	2.641048840981605e-16	0.0	0.9970059069185166	0.0	0.0	0.0	0.0029940930814830887	0.0	0.0	0.0	0.0	0.0	0.0	0.0	0.0	0.0	0.0	0.0	0.0	0.0
Liver-HCC::MSI-H.S.36	T[T>G]C	5.06160925606044e-05	0.0	0.9718439040533463	0.0	0.0	0.0	0.028105479854093098	0.0	0.0	0.0	0.0	0.0	0.0	0.0	0.0	0.0	0.0	0.0	0.0	0.0
Liver-HCC::MSI-H.S.36	T[T>G]G	0.0005193715452556319	0.0	0.9968917585792514	0.0	0.0	0.0	0.0025888698754929903	0.0	0.0	0.0	0.0	0.0	0.0	0.0	0.0	0.0	0.0	0.0	0.0	0.0
Liver-HCC::MSI-H.S.36	T[T>G]T	1.017066343825085e-16	0.0	0.992964859832675	0.0	0.0	0.0	0.007035140167324827	0.0	0.0	0.0	0.0	0.0	0.0	0.0	0.0	0.0	0.0	0.0	0.0	0.0
Liver-HCC::MSI-H.S.51	A[C>A]A	0.0	0.0	0.985170126787623	0.0	0.0	0.0	0.014829873212377108	0.0	0.0	0.0	0.0	0.0	0.0	0.0	0.0	0.0	0.0	0.0	0.0	0.0
Liver-HCC::MSI-H.S.51	A[C>A]C	0.0	0.0	0.8171171321421741	0.0	0.0	0.0	0.18288286785782593	0.0	0.0	0.0	0.0	0.0	0.0	0.0	0.0	0.0	0.0	0.0	0.0	0.0
Liver-HCC::MSI-H.S.51	A[C>A]G	0.0	0.0	0.9652459600297384	0.0	0.0	0.0	0.034754039970261566	0.0	0.0	0.0	0.0	0.0	0.0	0.0	0.0	0.0	0.0	0.0	0.0	0.0
Liver-HCC::MSI-H.S.51	A[C>A]T	0.0	0.0	0.33162752130936635	0.0	0.0	0.0	0.6683724786906337	0.0	0.0	0.0	0.0	0.0	0.0	0.0	0.0	0.0	0.0	0.0	0.0	0.0
Liver-HCC::MSI-H.S.51	A[C>G]A	0.0	0.0	0.9999999999999964	0.0	0.0	0.0	3.5434824841124243e-15	0.0	0.0	0.0	0.0	0.0	0.0	0.0	0.0	0.0	0.0	0.0	0.0	0.0
Liver-HCC::MSI-H.S.51	A[C>G]C	0.0	0.0	0.9998365515968953	0.0	0.0	0.0	0.00016344840310469265	0.0	0.0	0.0	0.0	0.0	0.0	0.0	0.0	0.0	0.0	0.0	0.0	0.0
Liver-HCC::MSI-H.S.51	A[C>G]G	0.0	0.0	0.9963486091826058	0.0	0.0	0.0	0.003651390817394132	0.0	0.0	0.0	0.0	0.0	0.0	0.0	0.0	0.0	0.0	0.0	0.0	0.0
Liver-HCC::MSI-H.S.51	A[C>G]T	0.0	0.0	0.9967529679225368	0.0	0.0	0.0	0.0032470320774633113	0.0	0.0	0.0	0.0	0.0	0.0	0.0	0.0	0.0	0.0	0.0	0.0	0.0
Liver-HCC::MSI-H.S.51	A[C>T]A	0.0	0.0	0.942198902092831	0.0	0.0	0.0	0.057801097907168926	0.0	0.0	0.0	0.0	0.0	0.0	0.0	0.0	0.0	0.0	0.0	0.0	0.0
Liver-HCC::MSI-H.S.51	A[C>T]C	0.0	0.0	0.9165874112247997	0.0	0.0	0.0	0.08341258877520026	0.0	0.0	0.0	0.0	0.0	0.0	0.0	0.0	0.0	0.0	0.0	0.0	0.0
Liver-HCC::MSI-H.S.51	A[C>T]G	0.0	0.0	0.5911608518650014	0.0	0.0	0.0	0.4088391481349986	0.0	0.0	0.0	0.0	0.0	0.0	0.0	0.0	0.0	0.0	0.0	0.0	0.0
Liver-HCC::MSI-H.S.51	A[C>T]T	0.0	0.0	0.8944303424424344	0.0	0.0	0.0	0.10556965755756564	0.0	0.0	0.0	0.0	0.0	0.0	0.0	0.0	0.0	0.0	0.0	0.0	0.0
Liver-HCC::MSI-H.S.51	A[T>A]A	0.0	0.0	0.9867805339547362	0.0	0.0	0.0	0.01321946604526386	0.0	0.0	0.0	0.0	0.0	0.0	0.0	0.0	0.0	0.0	0.0	0.0	0.0
Liver-HCC::MSI-H.S.51	A[T>A]C	0.0	0.0	0.9914166884978557	0.0	0.0	0.0	0.00858331150214425	0.0	0.0	0.0	0.0	0.0	0.0	0.0	0.0	0.0	0.0	0.0	0.0	0.0
Liver-HCC::MSI-H.S.51	A[T>A]G	0.0	0.0	0.9937786178735943	0.0	0.0	0.0	0.0062213821264057645	0.0	0.0	0.0	0.0	0.0	0.0	0.0	0.0	0.0	0.0	0.0	0.0	0.0
Liver-HCC::MSI-H.S.51	A[T>A]T	0.0	0.0	0.954084796164797	0.0	0.0	0.0	0.04591520383520306	0.0	0.0	0.0	0.0	0.0	0.0	0.0	0.0	0.0	0.0	0.0	0.0	0.0
Liver-HCC::MSI-H.S.51	A[T>C]A	0.0	0.0	0.9578669251051546	0.0	0.0	0.0	0.04213307489484549	0.0	0.0	0.0	0.0	0.0	0.0	0.0	0.0	0.0	0.0	0.0	0.0	0.0
Liver-HCC::MSI-H.S.51	A[T>C]C	0.0	0.0	0.9295172915247575	0.0	0.0	0.0	0.07048270847524236	0.0	0.0	0.0	0.0	0.0	0.0	0.0	0.0	0.0	0.0	0.0	0.0	0.0
Liver-HCC::MSI-H.S.51	A[T>C]G	0.0	0.0	0.9502508147883386	0.0	0.0	0.0	0.04974918521166137	0.0	0.0	0.0	0.0	0.0	0.0	0.0	0.0	0.0	0.0	0.0	0.0	0.0
Liver-HCC::MSI-H.S.51	A[T>C]T	0.0	0.0	0.9754765395972983	0.0	0.0	0.0	0.024523460402701674	0.0	0.0	0.0	0.0	0.0	0.0	0.0	0.0	0.0	0.0	0.0	0.0	0.0
Liver-HCC::MSI-H.S.51	A[T>G]A	0.0	0.0	0.9912197342663506	0.0	0.0	0.0	0.008780265733649479	0.0	0.0	0.0	0.0	0.0	0.0	0.0	0.0	0.0	0.0	0.0	0.0	0.0
Liver-HCC::MSI-H.S.51	A[T>G]C	0.0	0.0	0.8444268608341498	0.0	0.0	0.0	0.15557313916585028	0.0	0.0	0.0	0.0	0.0	0.0	0.0	0.0	0.0	0.0	0.0	0.0	0.0
Liver-HCC::MSI-H.S.51	A[T>G]G	0.0	0.0	0.9858027281636187	0.0	0.0	0.0	0.014197271836381344	0.0	0.0	0.0	0.0	0.0	0.0	0.0	0.0	0.0	0.0	0.0	0.0	0.0
Liver-HCC::MSI-H.S.51	A[T>G]T	0.0	0.0	0.7295802975714322	0.0	0.0	0.0	0.2704197024285677	0.0	0.0	0.0	0.0	0.0	0.0	0.0	0.0	0.0	0.0	0.0	0.0	0.0
Liver-HCC::MSI-H.S.51	C[C>A]A	0.0	0.0	0.7386480415080782	0.0	0.0	0.0	0.2613519584919218	0.0	0.0	0.0	0.0	0.0	0.0	0.0	0.0	0.0	0.0	0.0	0.0	0.0
Liver-HCC::MSI-H.S.51	C[C>A]C	0.0	0.0	0.6589905322840214	0.0	0.0	0.0	0.3410094677159786	0.0	0.0	0.0	0.0	0.0	0.0	0.0	0.0	0.0	0.0	0.0	0.0	0.0
Liver-HCC::MSI-H.S.51	C[C>A]G	0.0	0.0	0.939560992320379	0.0	0.0	0.0	0.060439007679621064	0.0	0.0	0.0	0.0	0.0	0.0	0.0	0.0	0.0	0.0	0.0	0.0	0.0
Liver-HCC::MSI-H.S.51	C[C>A]T	0.0	0.0	0.1340253961750832	0.0	0.0	0.0	0.8659746038249169	0.0	0.0	0.0	0.0	0.0	0.0	0.0	0.0	0.0	0.0	0.0	0.0	0.0
Liver-HCC::MSI-H.S.51	C[C>G]A	0.0	0.0	0.9980235022090758	0.0	0.0	0.0	0.0019764977909241545	0.0	0.0	0.0	0.0	0.0	0.0	0.0	0.0	0.0	0.0	0.0	0.0	0.0
Liver-HCC::MSI-H.S.51	C[C>G]C	0.0	0.0	0.9986048926133606	0.0	0.0	0.0	0.0013951073866394605	0.0	0.0	0.0	0.0	0.0	0.0	0.0	0.0	0.0	0.0	0.0	0.0	0.0
Liver-HCC::MSI-H.S.51	C[C>G]G	0.0	0.0	0.9987649174415392	0.0	0.0	0.0	0.0012350825584607906	0.0	0.0	0.0	0.0	0.0	0.0	0.0	0.0	0.0	0.0	0.0	0.0	0.0
Liver-HCC::MSI-H.S.51	C[C>G]T	0.0	0.0	0.9969966237228877	0.0	0.0	0.0	0.003003376277112296	0.0	0.0	0.0	0.0	0.0	0.0	0.0	0.0	0.0	0.0	0.0	0.0	0.0
Liver-HCC::MSI-H.S.51	C[C>T]A	0.0	0.0	0.9778076290309407	0.0	0.0	0.0	0.02219237096905939	0.0	0.0	0.0	0.0	0.0	0.0	0.0	0.0	0.0	0.0	0.0	0.0	0.0
Liver-HCC::MSI-H.S.51	C[C>T]C	0.0	0.0	0.988421375991277	0.0	0.0	0.0	0.011578624008722923	0.0	0.0	0.0	0.0	0.0	0.0	0.0	0.0	0.0	0.0	0.0	0.0	0.0
Liver-HCC::MSI-H.S.51	C[C>T]G	0.0	0.0	0.9034176185835895	0.0	0.0	0.0	0.09658238141641047	0.0	0.0	0.0	0.0	0.0	0.0	0.0	0.0	0.0	0.0	0.0	0.0	0.0
Liver-HCC::MSI-H.S.51	C[C>T]T	0.0	0.0	0.9905938515613576	0.0	0.0	0.0	0.009406148438642473	0.0	0.0	0.0	0.0	0.0	0.0	0.0	0.0	0.0	0.0	0.0	0.0	0.0
Liver-HCC::MSI-H.S.51	C[T>A]A	0.0	0.0	0.992987684056441	0.0	0.0	0.0	0.007012315943559014	0.0	0.0	0.0	0.0	0.0	0.0	0.0	0.0	0.0	0.0	0.0	0.0	0.0
Liver-HCC::MSI-H.S.51	C[T>A]C	0.0	0.0	0.9160247493653213	0.0	0.0	0.0	0.08397525063467867	0.0	0.0	0.0	0.0	0.0	0.0	0.0	0.0	0.0	0.0	0.0	0.0	0.0
Liver-HCC::MSI-H.S.51	C[T>A]G	0.0	0.0	0.989898145087287	0.0	0.0	0.0	0.010101854912712979	0.0	0.0	0.0	0.0	0.0	0.0	0.0	0.0	0.0	0.0	0.0	0.0	0.0
Liver-HCC::MSI-H.S.51	C[T>A]T	0.0	0.0	0.9507866352575911	0.0	0.0	0.0	0.0492133647424089	0.0	0.0	0.0	0.0	0.0	0.0	0.0	0.0	0.0	0.0	0.0	0.0	0.0
Liver-HCC::MSI-H.S.51	C[T>C]A	0.0	0.0	0.9630942851120715	0.0	0.0	0.0	0.03690571488792857	0.0	0.0	0.0	0.0	0.0	0.0	0.0	0.0	0.0	0.0	0.0	0.0	0.0
Liver-HCC::MSI-H.S.51	C[T>C]C	0.0	0.0	0.9235206849944317	0.0	0.0	0.0	0.07647931500556825	0.0	0.0	0.0	0.0	0.0	0.0	0.0	0.0	0.0	0.0	0.0	0.0	0.0
Liver-HCC::MSI-H.S.51	C[T>C]G	0.0	0.0	0.9665007017720104	0.0	0.0	0.0	0.03349929822798956	0.0	0.0	0.0	0.0	0.0	0.0	0.0	0.0	0.0	0.0	0.0	0.0	0.0
Liver-HCC::MSI-H.S.51	C[T>C]T	0.0	0.0	0.9781881372278196	0.0	0.0	0.0	0.021811862772180474	0.0	0.0	0.0	0.0	0.0	0.0	0.0	0.0	0.0	0.0	0.0	0.0	0.0
Liver-HCC::MSI-H.S.51	C[T>G]A	0.0	0.0	0.9969902420387946	0.0	0.0	0.0	0.0030097579612053714	0.0	0.0	0.0	0.0	0.0	0.0	0.0	0.0	0.0	0.0	0.0	0.0	0.0
Liver-HCC::MSI-H.S.51	C[T>G]C	0.0	0.0	0.9593867812625514	0.0	0.0	0.0	0.040613218737448616	0.0	0.0	0.0	0.0	0.0	0.0	0.0	0.0	0.0	0.0	0.0	0.0	0.0
Liver-HCC::MSI-H.S.51	C[T>G]G	0.0	0.0	0.9886844459782307	0.0	0.0	0.0	0.011315554021769272	0.0	0.0	0.0	0.0	0.0	0.0	0.0	0.0	0.0	0.0	0.0	0.0	0.0
Liver-HCC::MSI-H.S.51	C[T>G]T	0.0	0.0	0.9791882985836544	0.0	0.0	0.0	0.020811701416345606	0.0	0.0	0.0	0.0	0.0	0.0	0.0	0.0	0.0	0.0	0.0	0.0	0.0
Liver-HCC::MSI-H.S.51	G[C>A]A	0.0	0.0	0.9681581028998938	0.0	0.0	0.0	0.0318418971001062	0.0	0.0	0.0	0.0	0.0	0.0	0.0	0.0	0.0	0.0	0.0	0.0	0.0
Liver-HCC::MSI-H.S.51	G[C>A]C	0.0	0.0	0.679230448388544	0.0	0.0	0.0	0.32076955161145604	0.0	0.0	0.0	0.0	0.0	0.0	0.0	0.0	0.0	0.0	0.0	0.0	0.0
Liver-HCC::MSI-H.S.51	G[C>A]G	0.0	0.0	0.9289310664709932	0.0	0.0	0.0	0.07106893352900677	0.0	0.0	0.0	0.0	0.0	0.0	0.0	0.0	0.0	0.0	0.0	0.0	0.0
Liver-HCC::MSI-H.S.51	G[C>A]T	0.0	0.0	0.25127390657430865	0.0	0.0	0.0	0.7487260934256912	0.0	0.0	0.0	0.0	0.0	0.0	0.0	0.0	0.0	0.0	0.0	0.0	0.0
Liver-HCC::MSI-H.S.51	G[C>G]A	0.0	0.0	0.9999999999999923	0.0	0.0	0.0	7.647259207165669e-15	0.0	0.0	0.0	0.0	0.0	0.0	0.0	0.0	0.0	0.0	0.0	0.0	0.0
Liver-HCC::MSI-H.S.51	G[C>G]C	0.0	0.0	0.9986277712532672	0.0	0.0	0.0	0.0013722287467328466	0.0	0.0	0.0	0.0	0.0	0.0	0.0	0.0	0.0	0.0	0.0	0.0	0.0
Liver-HCC::MSI-H.S.51	G[C>G]G	0.0	0.0	0.9999999999999762	0.0	0.0	0.0	2.3701439132142225e-14	0.0	0.0	0.0	0.0	0.0	0.0	0.0	0.0	0.0	0.0	0.0	0.0	0.0
Liver-HCC::MSI-H.S.51	G[C>G]T	0.0	0.0	0.9980773105437646	0.0	0.0	0.0	0.0019226894562354236	0.0	0.0	0.0	0.0	0.0	0.0	0.0	0.0	0.0	0.0	0.0	0.0	0.0
Liver-HCC::MSI-H.S.51	G[C>T]A	0.0	0.0	0.8755324823056658	0.0	0.0	0.0	0.12446751769433416	0.0	0.0	0.0	0.0	0.0	0.0	0.0	0.0	0.0	0.0	0.0	0.0	0.0
Liver-HCC::MSI-H.S.51	G[C>T]C	0.0	0.0	0.9425699275926179	0.0	0.0	0.0	0.057430072407382134	0.0	0.0	0.0	0.0	0.0	0.0	0.0	0.0	0.0	0.0	0.0	0.0	0.0
Liver-HCC::MSI-H.S.51	G[C>T]G	0.0	0.0	0.9997484145441152	0.0	0.0	0.0	0.00025158545588474193	0.0	0.0	0.0	0.0	0.0	0.0	0.0	0.0	0.0	0.0	0.0	0.0	0.0
Liver-HCC::MSI-H.S.51	G[C>T]T	0.0	0.0	0.9165507821807204	0.0	0.0	0.0	0.08344921781927964	0.0	0.0	0.0	0.0	0.0	0.0	0.0	0.0	0.0	0.0	0.0	0.0	0.0
Liver-HCC::MSI-H.S.51	G[T>A]A	0.0	0.0	0.9974718137155706	0.0	0.0	0.0	0.0025281862844294812	0.0	0.0	0.0	0.0	0.0	0.0	0.0	0.0	0.0	0.0	0.0	0.0	0.0
Liver-HCC::MSI-H.S.51	G[T>A]C	0.0	0.0	0.8685780529896284	0.0	0.0	0.0	0.13142194701037146	0.0	0.0	0.0	0.0	0.0	0.0	0.0	0.0	0.0	0.0	0.0	0.0	0.0
Liver-HCC::MSI-H.S.51	G[T>A]G	0.0	0.0	0.9953130579197745	0.0	0.0	0.0	0.004686942080225366	0.0	0.0	0.0	0.0	0.0	0.0	0.0	0.0	0.0	0.0	0.0	0.0	0.0
Liver-HCC::MSI-H.S.51	G[T>A]T	0.0	0.0	0.9588413705760646	0.0	0.0	0.0	0.04115862942393542	0.0	0.0	0.0	0.0	0.0	0.0	0.0	0.0	0.0	0.0	0.0	0.0	0.0
Liver-HCC::MSI-H.S.51	G[T>C]A	0.0	0.0	0.8882384325407747	0.0	0.0	0.0	0.11176156745922528	0.0	0.0	0.0	0.0	0.0	0.0	0.0	0.0	0.0	0.0	0.0	0.0	0.0
Liver-HCC::MSI-H.S.51	G[T>C]C	0.0	0.0	0.8827329462777522	0.0	0.0	0.0	0.11726705372224767	0.0	0.0	0.0	0.0	0.0	0.0	0.0	0.0	0.0	0.0	0.0	0.0	0.0
Liver-HCC::MSI-H.S.51	G[T>C]G	0.0	0.0	0.894234897772035	0.0	0.0	0.0	0.10576510222796504	0.0	0.0	0.0	0.0	0.0	0.0	0.0	0.0	0.0	0.0	0.0	0.0	0.0
Liver-HCC::MSI-H.S.51	G[T>C]T	0.0	0.0	0.8835077163383577	0.0	0.0	0.0	0.11649228366164227	0.0	0.0	0.0	0.0	0.0	0.0	0.0	0.0	0.0	0.0	0.0	0.0	0.0
Liver-HCC::MSI-H.S.51	G[T>G]A	0.0	0.0	0.9950411991224348	0.0	0.0	0.0	0.004958800877565184	0.0	0.0	0.0	0.0	0.0	0.0	0.0	0.0	0.0	0.0	0.0	0.0	0.0
Liver-HCC::MSI-H.S.51	G[T>G]C	0.0	0.0	0.8346776724094692	0.0	0.0	0.0	0.16532232759053075	0.0	0.0	0.0	0.0	0.0	0.0	0.0	0.0	0.0	0.0	0.0	0.0	0.0
Liver-HCC::MSI-H.S.51	G[T>G]G	0.0	0.0	0.9767852694469294	0.0	0.0	0.0	0.023214730553070544	0.0	0.0	0.0	0.0	0.0	0.0	0.0	0.0	0.0	0.0	0.0	0.0	0.0
Liver-HCC::MSI-H.S.51	G[T>G]T	0.0	0.0	0.8662356847456029	0.0	0.0	0.0	0.13376431525439722	0.0	0.0	0.0	0.0	0.0	0.0	0.0	0.0	0.0	0.0	0.0	0.0	0.0
Liver-HCC::MSI-H.S.51	T[C>A]A	0.0	0.0	0.9929300802714349	0.0	0.0	0.0	0.007069919728565031	0.0	0.0	0.0	0.0	0.0	0.0	0.0	0.0	0.0	0.0	0.0	0.0	0.0
Liver-HCC::MSI-H.S.51	T[C>A]C	0.0	0.0	0.7005784231197937	0.0	0.0	0.0	0.2994215768802063	0.0	0.0	0.0	0.0	0.0	0.0	0.0	0.0	0.0	0.0	0.0	0.0	0.0
Liver-HCC::MSI-H.S.51	T[C>A]G	0.0	0.0	0.9995039920420405	0.0	0.0	0.0	0.0004960079579594808	0.0	0.0	0.0	0.0	0.0	0.0	0.0	0.0	0.0	0.0	0.0	0.0	0.0
Liver-HCC::MSI-H.S.51	T[C>A]T	0.0	0.0	0.34274508918405855	0.0	0.0	0.0	0.6572549108159415	0.0	0.0	0.0	0.0	0.0	0.0	0.0	0.0	0.0	0.0	0.0	0.0	0.0
Liver-HCC::MSI-H.S.51	T[C>G]A	0.0	0.0	0.9995935217475231	0.0	0.0	0.0	0.00040647825247679207	0.0	0.0	0.0	0.0	0.0	0.0	0.0	0.0	0.0	0.0	0.0	0.0	0.0
Liver-HCC::MSI-H.S.51	T[C>G]C	0.0	0.0	0.9968268752802347	0.0	0.0	0.0	0.0031731247197653197	0.0	0.0	0.0	0.0	0.0	0.0	0.0	0.0	0.0	0.0	0.0	0.0	0.0
Liver-HCC::MSI-H.S.51	T[C>G]G	0.0	0.0	0.9982777148966954	0.0	0.0	0.0	0.001722285103304646	0.0	0.0	0.0	0.0	0.0	0.0	0.0	0.0	0.0	0.0	0.0	0.0	0.0
Liver-HCC::MSI-H.S.51	T[C>G]T	0.0	0.0	0.9958753281255065	0.0	0.0	0.0	0.004124671874493587	0.0	0.0	0.0	0.0	0.0	0.0	0.0	0.0	0.0	0.0	0.0	0.0	0.0
Liver-HCC::MSI-H.S.51	T[C>T]A	0.0	0.0	0.9726441263244064	0.0	0.0	0.0	0.027355873675593563	0.0	0.0	0.0	0.0	0.0	0.0	0.0	0.0	0.0	0.0	0.0	0.0	0.0
Liver-HCC::MSI-H.S.51	T[C>T]C	0.0	0.0	0.9990402358100763	0.0	0.0	0.0	0.000959764189923828	0.0	0.0	0.0	0.0	0.0	0.0	0.0	0.0	0.0	0.0	0.0	0.0	0.0
Liver-HCC::MSI-H.S.51	T[C>T]G	0.0	0.0	0.9487990354736388	0.0	0.0	0.0	0.05120096452636132	0.0	0.0	0.0	0.0	0.0	0.0	0.0	0.0	0.0	0.0	0.0	0.0	0.0
Liver-HCC::MSI-H.S.51	T[C>T]T	0.0	0.0	0.9972504024069164	0.0	0.0	0.0	0.002749597593083626	0.0	0.0	0.0	0.0	0.0	0.0	0.0	0.0	0.0	0.0	0.0	0.0	0.0
Liver-HCC::MSI-H.S.51	T[T>A]A	0.0	0.0	0.9949140051277796	0.0	0.0	0.0	0.005085994872220309	0.0	0.0	0.0	0.0	0.0	0.0	0.0	0.0	0.0	0.0	0.0	0.0	0.0
Liver-HCC::MSI-H.S.51	T[T>A]C	0.0	0.0	0.9368592757453161	0.0	0.0	0.0	0.0631407242546839	0.0	0.0	0.0	0.0	0.0	0.0	0.0	0.0	0.0	0.0	0.0	0.0	0.0
Liver-HCC::MSI-H.S.51	T[T>A]G	0.0	0.0	0.9881222813181737	0.0	0.0	0.0	0.011877718681826398	0.0	0.0	0.0	0.0	0.0	0.0	0.0	0.0	0.0	0.0	0.0	0.0	0.0
Liver-HCC::MSI-H.S.51	T[T>A]T	0.0	0.0	0.9675419311729834	0.0	0.0	0.0	0.03245806882701662	0.0	0.0	0.0	0.0	0.0	0.0	0.0	0.0	0.0	0.0	0.0	0.0	0.0
Liver-HCC::MSI-H.S.51	T[T>C]A	0.0	0.0	0.9468079982200857	0.0	0.0	0.0	0.05319200177991436	0.0	0.0	0.0	0.0	0.0	0.0	0.0	0.0	0.0	0.0	0.0	0.0	0.0
Liver-HCC::MSI-H.S.51	T[T>C]C	0.0	0.0	0.9543470346667937	0.0	0.0	0.0	0.04565296533320618	0.0	0.0	0.0	0.0	0.0	0.0	0.0	0.0	0.0	0.0	0.0	0.0	0.0
Liver-HCC::MSI-H.S.51	T[T>C]G	0.0	0.0	0.9481056989611916	0.0	0.0	0.0	0.05189430103880852	0.0	0.0	0.0	0.0	0.0	0.0	0.0	0.0	0.0	0.0	0.0	0.0	0.0
Liver-HCC::MSI-H.S.51	T[T>C]T	0.0	0.0	0.9751753416442415	0.0	0.0	0.0	0.024824658355758488	0.0	0.0	0.0	0.0	0.0	0.0	0.0	0.0	0.0	0.0	0.0	0.0	0.0
Liver-HCC::MSI-H.S.51	T[T>G]A	0.0	0.0	0.9969457023055576	0.0	0.0	0.0	0.0030542976944424407	0.0	0.0	0.0	0.0	0.0	0.0	0.0	0.0	0.0	0.0	0.0	0.0	0.0
Liver-HCC::MSI-H.S.51	T[T>G]C	0.0	0.0	0.9713424440919103	0.0	0.0	0.0	0.0286575559080897	0.0	0.0	0.0	0.0	0.0	0.0	0.0	0.0	0.0	0.0	0.0	0.0	0.0
Liver-HCC::MSI-H.S.51	T[T>G]G	0.0	0.0	0.9973576797993958	0.0	0.0	0.0	0.00264232020060415	0.0	0.0	0.0	0.0	0.0	0.0	0.0	0.0	0.0	0.0	0.0	0.0	0.0
Liver-HCC::MSI-H.S.51	T[T>G]T	0.0	0.0	0.9928239835186297	0.0	0.0	0.0	0.007176016481370238	0.0	0.0	0.0	0.0	0.0	0.0	0.0	0.0	0.0	0.0	0.0	0.0	0.0
Liver-HCC::MSI-H.S.1	A[C>A]A	0.005173993950757574	0.0	0.7990655426956575	0.0782269988410396	0.0	0.0	0.03817928751514425	0.0	0.0	0.0	0.0	0.0	0.0	0.0	0.07935417699740113	0.0	0.0	0.0	0.0	0.0
Liver-HCC::MSI-H.S.1	A[C>A]C	0.010799239857057587	0.0	0.5098461100490752	0.07822845558343954	0.0	0.0	0.36219881880227894	0.0	0.0	0.0	0.0	0.0	0.0	0.0	0.038927375708148707	0.0	0.0	0.0	0.0	0.0
Liver-HCC::MSI-H.S.1	A[C>A]G	0.006532447930625417	0.0	0.7785459964055498	0.06045670061933936	0.0	0.0	0.08897557263403244	0.0	0.0	0.0	0.0	0.0	0.0	0.0	0.06548928241045289	0.0	0.0	0.0	0.0	0.0
Liver-HCC::MSI-H.S.1	A[C>A]T	0.002229469266883805	0.0	0.13128100129019465	0.009881895878535545	0.0	0.0	0.8398255571686195	0.0	0.0	0.0	0.0	0.0	0.0	0.0	0.01678207639576643	0.0	0.0	0.0	0.0	0.0
Liver-HCC::MSI-H.S.1	A[C>G]A	0.01342770254005989	0.0	0.8314172085714567	0.10717288518979091	0.0	0.0	9.351225112430289e-15	0.0	0.0	0.0	0.0	0.0	0.0	0.0	0.04798220369868319	0.0	0.0	0.0	0.0	0.0
Liver-HCC::MSI-H.S.1	A[C>G]C	0.015016853079129325	0.0	0.8000232884619429	0.11212218102192525	0.0	0.0	0.0004151198627768974	0.0	0.0	0.0	0.0	0.0	0.0	0.0	0.07242255757422571	0.0	0.0	0.0	0.0	0.0
Liver-HCC::MSI-H.S.1	A[C>G]G	0.005471268520613273	0.0	0.9331017986699313	3.327224500428782e-13	0.0	0.0	0.010854135504792126	0.0	0.0	0.0	0.0	0.0	0.0	0.0	0.05057279730433072	0.0	0.0	0.0	0.0	0.0
Liver-HCC::MSI-H.S.1	A[C>G]T	0.008331141318377129	0.0	0.8416470195897808	0.058507088126975776	0.0	0.0	0.008702584397524232	0.0	0.0	0.0	0.0	0.0	0.0	0.0	0.08281216656734207	0.0	0.0	0.0	0.0	0.0
Liver-HCC::MSI-H.S.1	A[C>T]A	0.009877914238407485	0.0	0.1468762676559145	0.7982864327234819	0.0	0.0	0.028599888117415942	0.0	0.0	0.0	0.0	0.0	0.0	0.0	0.016359497264780226	0.0	0.0	0.0	0.0	0.0
Liver-HCC::MSI-H.S.1	A[C>T]C	0.006131679051030831	0.0	0.19802687857302992	0.700282497679328	0.0	0.0	0.057200663461872095	0.0	0.0	0.0	0.0	0.0	0.0	0.0	0.03835828123473909	0.0	0.0	0.0	0.0	0.0
Liver-HCC::MSI-H.S.1	A[C>T]G	0.08192250916200947	0.0	0.01581639994965542	0.8489206725715465	0.0	0.0	0.03471951575017465	0.0	0.0	0.0	0.0	0.0	0.0	0.0	0.01862090256661398	0.0	0.0	0.0	0.0	0.0
Liver-HCC::MSI-H.S.1	A[C>T]T	0.00895989590348828	0.0	0.23462210021023036	0.6279029397012055	0.0	0.0	0.0878983493502137	0.0	0.0	0.0	0.0	0.0	0.0	0.0	0.04061671483486217	0.0	0.0	0.0	0.0	0.0
Liver-HCC::MSI-H.S.1	A[T>A]A	0.0069392245848988	0.0	0.7299382988302205	0.026860361807645422	0.0	0.0	0.031038355527940188	0.0	0.0	0.0	0.0	0.0	0.0	0.0	0.20522375924929512	0.0	0.0	0.0	0.0	0.0
Liver-HCC::MSI-H.S.1	A[T>A]C	0.014347989754706063	0.0	0.5084265580175598	0.11072710628029239	0.0	0.0	0.013971598260898669	0.0	0.0	0.0	0.0	0.0	0.0	0.0	0.35252674768654324	0.0	0.0	0.0	0.0	0.0
Liver-HCC::MSI-H.S.1	A[T>A]G	0.00974960685552416	0.0	0.8893773328201776	5.980985422709194e-14	0.0	0.0	0.01767268342277789	0.0	0.0	0.0	0.0	0.0	0.0	0.0	0.08320037690146039	0.0	0.0	0.0	0.0	0.0
Liver-HCC::MSI-H.S.1	A[T>A]T	0.0010066696254365907	0.0	0.38889964087705725	0.2878196917525852	0.0	0.0	0.059405450803356914	0.0	0.0	0.0	0.0	0.0	0.0	0.0	0.262868546941564	0.0	0.0	0.0	0.0	0.0
Liver-HCC::MSI-H.S.1	A[T>C]A	0.0005474470183418894	0.0	0.2645858491843015	0.03498515069912695	0.0	0.0	0.03694058794576979	0.0	0.0	0.0	0.0	0.0	0.0	0.0	0.6629409651524599	0.0	0.0	0.0	0.0	0.0
Liver-HCC::MSI-H.S.1	A[T>C]C	0.004791260346815389	0.0	0.24081854925240387	0.05613455960674415	0.0	0.0	0.057960785093869094	0.0	0.0	0.0	0.0	0.0	0.0	0.0	0.6402948457001675	0.0	0.0	0.0	0.0	0.0
Liver-HCC::MSI-H.S.1	A[T>C]G	5.687903165246978e-05	0.0	0.2337317923279669	0.07171120060492517	0.0	0.0	0.03884049207220592	0.0	0.0	0.0	0.0	0.0	0.0	0.0	0.6556596359632495	0.0	0.0	0.0	0.0	0.0
Liver-HCC::MSI-H.S.1	A[T>C]T	0.005353614169939416	0.0	0.4073265499948203	0.014757542265118849	0.0	0.0	0.032503254905697214	0.0	0.0	0.0	0.0	0.0	0.0	0.0	0.5400590386644241	0.0	0.0	0.0	0.0	0.0
Liver-HCC::MSI-H.S.1	A[T>G]A	0.0018759947872330558	0.0	0.48006288560381133	0.008830239869995015	0.0	0.0	0.013497553692935985	0.0	0.0	0.0	0.0	0.0	0.0	0.0	0.4957333260460247	0.0	0.0	0.0	0.0	0.0
Liver-HCC::MSI-H.S.1	A[T>G]C	0.002225767276214643	0.0	0.31877998668424307	0.06913767799746509	0.0	0.0	0.18641585021389967	0.0	0.0	0.0	0.0	0.0	0.0	0.0	0.4234407178281775	0.0	0.0	0.0	0.0	0.0
Liver-HCC::MSI-H.S.1	A[T>G]G	0.002000571494539204	0.0	0.6758462693994176	0.025175560722049878	0.0	0.0	0.030894560072624245	0.0	0.0	0.0	0.0	0.0	0.0	0.0	0.26608303831136915	0.0	0.0	0.0	0.0	0.0
Liver-HCC::MSI-H.S.1	A[T>G]T	0.0004989938805884199	0.0	0.2453763462195042	0.05420506623025586	0.0	0.0	0.2886802953234372	0.0	0.0	0.0	0.0	0.0	0.0	0.0	0.4112392983462143	0.0	0.0	0.0	0.0	0.0
Liver-HCC::MSI-H.S.1	C[C>A]A	0.0012023300626377352	0.0	0.32648804815670246	0.2210632211071864	0.0	0.0	0.3666694340007688	0.0	0.0	0.0	0.0	0.0	0.0	0.0	0.08457696667270466	0.0	0.0	0.0	0.0	0.0
Liver-HCC::MSI-H.S.1	C[C>A]C	0.005276866129324513	0.0	0.20639548029973162	0.3800334089254036	0.0	0.0	0.33900543176343667	0.0	0.0	0.0	0.0	0.0	0.0	0.0	0.0692888128821037	0.0	0.0	0.0	0.0	0.0
Liver-HCC::MSI-H.S.1	C[C>A]G	0.0008854070682557926	0.0	0.37487724904865244	0.49415548419339506	0.0	0.0	0.07654214770370499	0.0	0.0	0.0	0.0	0.0	0.0	0.0	0.05353971198599167	0.0	0.0	0.0	0.0	0.0
Liver-HCC::MSI-H.S.1	C[C>A]T	1.111776444889619e-16	0.0	0.03690143162950069	0.1508816486794854	0.0	0.0	0.7567988855483274	0.0	0.0	0.0	0.0	0.0	0.0	0.0	0.05541803414268628	0.0	0.0	0.0	0.0	0.0
Liver-HCC::MSI-H.S.1	C[C>G]A	0.00027745172611449916	0.0	0.913830273393096	0.014908250268881356	0.0	0.0	0.005744342395131901	0.0	0.0	0.0	0.0	0.0	0.0	0.0	0.06523968221677622	0.0	0.0	0.0	0.0	0.0
Liver-HCC::MSI-H.S.1	C[C>G]C	0.0006971570964889702	0.0	0.9389936011014043	0.010639637629126977	0.0	0.0	0.0041638568816210215	0.0	0.0	0.0	0.0	0.0	0.0	0.0	0.04550574729135875	0.0	0.0	0.0	0.0	0.0
Liver-HCC::MSI-H.S.1	C[C>G]G	0.01094496961264347	0.0	0.8828372893547327	0.08257288286888431	0.0	0.0	0.003465234190427838	0.0	0.0	0.0	0.0	0.0	0.0	0.0	0.02017962397331156	0.0	0.0	0.0	0.0	0.0
Liver-HCC::MSI-H.S.1	C[C>G]T	1.8597218035008908e-15	0.0	0.9064042508003168	0.0037837294588297632	0.0	0.0	0.008666768663979309	0.0	0.0	0.0	0.0	0.0	0.0	0.0	0.08114525107687229	0.0	0.0	0.0	0.0	0.0
Liver-HCC::MSI-H.S.1	C[C>T]A	0.0028813620815822333	0.0	0.3186973307331933	0.6175644547388229	0.0	0.0	0.02295873316131271	0.0	0.0	0.0	0.0	0.0	0.0	0.0	0.03789811928508883	0.0	0.0	0.0	0.0	0.0
Liver-HCC::MSI-H.S.1	C[C>T]C	0.0003670911466834059	0.0	0.2945591258654503	0.6342307233154226	0.0	0.0	0.01095232990261647	0.0	0.0	0.0	0.0	0.0	0.0	0.0	0.05989072976982728	0.0	0.0	0.0	0.0	0.0
Liver-HCC::MSI-H.S.1	C[C>T]G	0.044947993679318884	0.0	0.045761588877873516	0.8818395083037572	0.0	0.0	0.015528505527236128	0.0	0.0	0.0	0.0	0.0	0.0	0.0	0.011922403611814188	0.0	0.0	0.0	0.0	0.0
Liver-HCC::MSI-H.S.1	C[C>T]T	0.000267691718444784	0.0	0.3597486977730831	0.5940637285724275	0.0	0.0	0.010842630124275821	0.0	0.0	0.0	0.0	0.0	0.0	0.0	0.03507725181176868	0.0	0.0	0.0	0.0	0.0
Liver-HCC::MSI-H.S.1	C[T>A]A	0.0007399041617124187	0.0	0.6946982258170055	0.036107357678648505	0.0	0.0	0.015571591974706865	0.0	0.0	0.0	0.0	0.0	0.0	0.0	0.25288292036792664	0.0	0.0	0.0	0.0	0.0
Liver-HCC::MSI-H.S.1	C[T>A]C	0.0033667317530165952	0.0	0.5069812377128993	0.14877934715954863	0.0	0.0	0.14752145959670904	0.0	0.0	0.0	0.0	0.0	0.0	0.0	0.1933512237778265	0.0	0.0	0.0	0.0	0.0
Liver-HCC::MSI-H.S.1	C[T>A]G	0.004016281727657601	0.0	0.7081518618419551	0.044931707159539126	0.0	0.0	0.02293803599446055	0.0	0.0	0.0	0.0	0.0	0.0	0.0	0.21996211327638782	0.0	0.0	0.0	0.0	0.0
Liver-HCC::MSI-H.S.1	C[T>A]T	0.0035625053063996796	0.0	0.6718304916232664	0.07730552653174047	0.0	0.0	0.11037708329459563	0.0	0.0	0.0	0.0	0.0	0.0	0.0	0.13692439324399805	0.0	0.0	0.0	0.0	0.0
Liver-HCC::MSI-H.S.1	C[T>C]A	2.1608239667743693e-16	0.0	0.146977925048289	0.05070783744797578	0.0	0.0	0.01787706177225165	0.0	0.0	0.0	0.0	0.0	0.0	0.0	0.7844371757314833	0.0	0.0	0.0	0.0	0.0
Liver-HCC::MSI-H.S.1	C[T>C]C	0.0037292923762890693	0.0	0.1769002934476796	0.04842829220067212	0.0	0.0	0.046499162190467104	0.0	0.0	0.0	0.0	0.0	0.0	0.0	0.7244429597848921	0.0	0.0	0.0	0.0	0.0
Liver-HCC::MSI-H.S.1	C[T>C]G	0.00021734970864144658	0.0	0.1431952557935783	0.10123801024385021	0.0	0.0	0.015753656707014264	0.0	0.0	0.0	0.0	0.0	0.0	0.0	0.7395957275469158	0.0	0.0	0.0	0.0	0.0
Liver-HCC::MSI-H.S.1	C[T>C]T	3.922377652559177e-05	0.0	0.15646313130256662	0.036863446282880394	0.0	0.0	0.01107392543417769	0.0	0.0	0.0	0.0	0.0	0.0	0.0	0.7955602732038497	0.0	0.0	0.0	0.0	0.0
Liver-HCC::MSI-H.S.1	C[T>G]A	0.0006632611079146044	0.0	0.5518764427144146	0.029139080438518816	0.0	0.0	0.005288125248248868	0.0	0.0	0.0	0.0	0.0	0.0	0.0	0.41303309049090325	0.0	0.0	0.0	0.0	0.0
Liver-HCC::MSI-H.S.1	C[T>G]C	0.0013131311157092292	0.0	0.3255976275875898	0.15306047341354542	0.0	0.0	0.04374960376516249	0.0	0.0	0.0	0.0	0.0	0.0	0.0	0.4762791641179931	0.0	0.0	0.0	0.0	0.0
Liver-HCC::MSI-H.S.1	C[T>G]G	0.0006800063005742437	0.0	0.37133965061264057	0.1547211215808035	0.0	0.0	0.013489897732139978	0.0	0.0	0.0	0.0	0.0	0.0	0.0	0.4597693237738417	0.0	0.0	0.0	0.0	0.0
Liver-HCC::MSI-H.S.1	C[T>G]T	0.0006801559693916689	0.0	0.33108918256356884	0.16297919318201892	0.0	0.0	0.022336008975616932	0.0	0.0	0.0	0.0	0.0	0.0	0.0	0.48291545930940355	0.0	0.0	0.0	0.0	0.0
Liver-HCC::MSI-H.S.1	G[C>A]A	0.010449126119150637	0.0	0.7691871358131599	0.0890074172225452	0.0	0.0	0.0802978421530774	0.0	0.0	0.0	0.0	0.0	0.0	0.0	0.051058478692066755	0.0	0.0	0.0	0.0	0.0
Liver-HCC::MSI-H.S.1	G[C>A]C	0.001316653870455338	0.0	0.33879922702100557	0.11176827648630593	0.0	0.0	0.5078525226785647	0.0	0.0	0.0	0.0	0.0	0.0	0.0	0.04026331994366848	0.0	0.0	0.0	0.0	0.0
Liver-HCC::MSI-H.S.1	G[C>A]G	0.012486918427345641	0.0	0.5675995022849754	0.2393653519476089	0.0	0.0	0.1378343712113076	0.0	0.0	0.0	0.0	0.0	0.0	0.0	0.04271385612876256	0.0	0.0	0.0	0.0	0.0
Liver-HCC::MSI-H.S.1	G[C>A]T	2.5782887597628163e-16	0.0	0.08992842351098765	0.04483159416116411	0.0	0.0	0.8505341766204952	0.0	0.0	0.0	0.0	0.0	0.0	0.0	0.014705805707352656	0.0	0.0	0.0	0.0	0.0
Liver-HCC::MSI-H.S.1	G[C>G]A	0.00015944921030803733	0.0	0.8874329131069005	0.01016295400016194	0.0	0.0	2.1540736846263097e-14	0.0	0.0	0.0	0.0	0.0	0.0	0.0	0.1022446836826079	0.0	0.0	0.0	0.0	0.0
Liver-HCC::MSI-H.S.1	G[C>G]C	0.0018438220768475498	0.0	0.6512503937866279	0.24274021395404663	0.0	0.0	0.002840469203416344	0.0	0.0	0.0	0.0	0.0	0.0	0.0	0.10132510097906176	0.0	0.0	0.0	0.0	0.0
Liver-HCC::MSI-H.S.1	G[C>G]G	0.008957115268982262	0.0	0.9290670793901387	3.773563390468769e-13	0.0	0.0	6.989417784366396e-14	0.0	0.0	0.0	0.0	0.0	0.0	0.0	0.06197580534043179	0.0	0.0	0.0	0.0	0.0
Liver-HCC::MSI-H.S.1	G[C>G]T	2.4245363876605218e-15	0.0	0.8332571129719061	0.11002247055337705	0.0	0.0	0.005094988450482032	0.0	0.0	0.0	0.0	0.0	0.0	0.0	0.051625428024232416	0.0	0.0	0.0	0.0	0.0
Liver-HCC::MSI-H.S.1	G[C>T]A	0.001337963576917158	0.0	0.06666099900328283	0.8890222134654264	0.0	0.0	0.030079789689683948	0.0	0.0	0.0	0.0	0.0	0.0	0.0	0.012899034264689595	0.0	0.0	0.0	0.0	0.0
Liver-HCC::MSI-H.S.1	G[C>T]C	2.392875636382659e-05	0.0	0.06352019696505241	0.9022933278542004	0.0	0.0	0.01228448155773929	0.0	0.0	0.0	0.0	0.0	0.0	0.0	0.02187806486664423	0.0	0.0	0.0	0.0	0.0
Liver-HCC::MSI-H.S.1	G[C>T]G	0.03589798305436182	0.0	0.023095504158904	0.9238661162932003	0.0	0.0	1.8447667669473794e-05	0.0	0.0	0.0	0.0	0.0	0.0	0.0	0.01712194882586436	0.0	0.0	0.0	0.0	0.0
Liver-HCC::MSI-H.S.1	G[C>T]T	1.4240963874052894e-05	0.0	0.07866961796245697	0.8698286518152197	0.0	0.0	0.022734844675209892	0.0	0.0	0.0	0.0	0.0	0.0	0.0	0.028752644583239402	0.0	0.0	0.0	0.0	0.0
Liver-HCC::MSI-H.S.1	G[T>A]A	0.0014481841940403792	0.0	0.746482707044494	0.028658431302342507	0.0	0.0	0.006005475537344286	0.0	0.0	0.0	0.0	0.0	0.0	0.0	0.21740520192177878	0.0	0.0	0.0	0.0	0.0
Liver-HCC::MSI-H.S.1	G[T>A]C	0.0015624976455931151	0.0	0.4019121525235807	0.18668675741392712	0.0	0.0	0.19302314871570506	0.0	0.0	0.0	0.0	0.0	0.0	0.0	0.21681544370119404	0.0	0.0	0.0	0.0	0.0
Liver-HCC::MSI-H.S.1	G[T>A]G	0.0038787989199778423	0.0	0.738945182694792	0.09691071611488399	0.0	0.0	0.011044888080799673	0.0	0.0	0.0	0.0	0.0	0.0	0.0	0.14922041418954632	0.0	0.0	0.0	0.0	0.0
Liver-HCC::MSI-H.S.1	G[T>A]T	0.0041098660203582275	0.0	0.5848874702653925	0.12451875632569248	0.0	0.0	0.07969033830555632	0.0	0.0	0.0	0.0	0.0	0.0	0.0	0.2067935690830006	0.0	0.0	0.0	0.0	0.0
Liver-HCC::MSI-H.S.1	G[T>C]A	0.0006534872742807385	0.0	0.10006356393934664	0.05041464382077887	0.0	0.0	0.039963001843358305	0.0	0.0	0.0	0.0	0.0	0.0	0.0	0.8089053031222355	0.0	0.0	0.0	0.0	0.0
Liver-HCC::MSI-H.S.1	G[T>C]C	0.0034443686394444242	0.0	0.1641290356408477	0.06342414992520191	0.0	0.0	0.06920720463041112	0.0	0.0	0.0	0.0	0.0	0.0	0.0	0.6997952411640948	0.0	0.0	0.0	0.0	0.0
Liver-HCC::MSI-H.S.1	G[T>C]G	0.0008228381993589212	0.0	0.12028973927323945	0.05430878756553093	0.0	0.0	0.0451584030121709	0.0	0.0	0.0	0.0	0.0	0.0	0.0	0.7794202319496998	0.0	0.0	0.0	0.0	0.0
Liver-HCC::MSI-H.S.1	G[T>C]T	6.425527595852596e-05	0.0	0.14080749596004347	0.02573949955696512	0.0	0.0	0.0589293702249854	0.0	0.0	0.0	0.0	0.0	0.0	0.0	0.7744593789820475	0.0	0.0	0.0	0.0	0.0
Liver-HCC::MSI-H.S.1	G[T>G]A	4.297246563755439e-15	0.0	0.5538241172106712	0.026411260653750306	0.0	0.0	0.00876045539724674	0.0	0.0	0.0	0.0	0.0	0.0	0.0	0.4110041667383275	0.0	0.0	0.0	0.0	0.0
Liver-HCC::MSI-H.S.1	G[T>G]C	3.89076683397427e-15	0.0	0.34026115017946307	0.11715555900765512	0.0	0.0	0.21391650425146583	0.0	0.0	0.0	0.0	0.0	0.0	0.0	0.3286667865614121	0.0	0.0	0.0	0.0	0.0
Liver-HCC::MSI-H.S.1	G[T>G]G	0.0031477093915965306	0.0	0.5466379780018948	0.07811613244983016	0.0	0.0	0.04123666734949615	0.0	0.0	0.0	0.0	0.0	0.0	0.0	0.3308615128071824	0.0	0.0	0.0	0.0	0.0
Liver-HCC::MSI-H.S.1	G[T>G]T	9.185265741403688e-05	0.0	0.16861361718695692	0.15608667975108653	0.0	0.0	0.08264489983775303	0.0	0.0	0.0	0.0	0.0	0.0	0.0	0.5925629505667894	0.0	0.0	0.0	0.0	0.0
Liver-HCC::MSI-H.S.1	T[C>A]A	0.0005597191569164481	0.0	0.7625226296609449	0.09546552406130546	0.0	0.0	0.017233272865602483	0.0	0.0	0.0	0.0	0.0	0.0	0.0	0.1242188542552309	0.0	0.0	0.0	0.0	0.0
Liver-HCC::MSI-H.S.1	T[C>A]C	0.009218637117309521	0.0	0.38099947730794737	0.057194063082058336	0.0	0.0	0.5168564352384732	0.0	0.0	0.0	0.0	0.0	0.0	0.0	0.03573138725421153	0.0	0.0	0.0	0.0	0.0
Liver-HCC::MSI-H.S.1	T[C>A]G	6.465243383312057e-15	0.0	0.7604904499432453	0.18279456207122585	0.0	0.0	0.0011978904107083337	0.0	0.0	0.0	0.0	0.0	0.0	0.0	0.05551709757481405	0.0	0.0	0.0	0.0	0.0
Liver-HCC::MSI-H.S.1	T[C>A]T	5.486145870371625e-06	0.0	0.1351386864002285	0.021971686482403382	0.0	0.0	0.8225484800298466	0.0	0.0	0.0	0.0	0.0	0.0	0.0	0.020335660941651082	0.0	0.0	0.0	0.0	0.0
Liver-HCC::MSI-H.S.1	T[C>G]A	2.0063619131617294e-15	0.0	0.8013852764310425	0.014088840908974129	0.0	0.0	0.001034366515969028	0.0	0.0	0.0	0.0	0.0	0.0	0.0	0.18349151614401227	0.0	0.0	0.0	0.0	0.0
Liver-HCC::MSI-H.S.1	T[C>G]C	0.001972839949513699	0.0	0.8422059598126703	0.034613852038416756	0.0	0.0	0.008509517322069496	0.0	0.0	0.0	0.0	0.0	0.0	0.0	0.11269783087732975	0.0	0.0	0.0	0.0	0.0
Liver-HCC::MSI-H.S.1	T[C>G]G	0.0032728839110451333	0.0	0.9197147558258433	0.0028974783961879507	0.0	0.0	0.005036467498232921	0.0	0.0	0.0	0.0	0.0	0.0	0.0	0.06907841436869075	0.0	0.0	0.0	0.0	0.0
Liver-HCC::MSI-H.S.1	T[C>G]T	0.0084597720050348	0.0	0.7729526284273839	0.02187856462497074	0.0	0.0	0.010161469611743927	0.0	0.0	0.0	0.0	0.0	0.0	0.0	0.1865475653308667	0.0	0.0	0.0	0.0	0.0
Liver-HCC::MSI-H.S.1	T[C>T]A	0.0016259187056536385	0.0	0.3390632734690386	0.5540291732282762	0.0	0.0	0.030268896196667554	0.0	0.0	0.0	0.0	0.0	0.0	0.0	0.07501273840036403	0.0	0.0	0.0	0.0	0.0
Liver-HCC::MSI-H.S.1	T[C>T]C	5.887507344641815e-05	0.0	0.41403437357928796	0.5224738633377978	0.0	0.0	0.0012625168201111092	0.0	0.0	0.0	0.0	0.0	0.0	0.0	0.06217037118935673	0.0	0.0	0.0	0.0	0.0
Liver-HCC::MSI-H.S.1	T[C>T]G	0.05493696026718005	0.0	0.09054779389000625	0.8185604591052935	0.0	0.0	0.01550961415800685	0.0	0.0	0.0	0.0	0.0	0.0	0.0	0.02044517257951339	0.0	0.0	0.0	0.0	0.0
Liver-HCC::MSI-H.S.1	T[C>T]T	4.504006555143323e-16	0.0	0.48372594251364537	0.4450655049204165	0.0	0.0	0.004233343513067029	0.0	0.0	0.0	0.0	0.0	0.0	0.0	0.06697520905287048	0.0	0.0	0.0	0.0	0.0
Liver-HCC::MSI-H.S.1	T[T>A]A	0.060140990741182614	0.0	0.6439311280196051	0.12806563036973623	0.0	0.0	0.010448381117132841	0.0	0.0	0.0	0.0	0.0	0.0	0.0	0.15741386975234328	0.0	0.0	0.0	0.0	0.0
Liver-HCC::MSI-H.S.1	T[T>A]C	2.7692923665579424e-15	0.0	0.5863409142411101	0.04462962110881763	0.0	0.0	0.12543092074649695	0.0	0.0	0.0	0.0	0.0	0.0	0.0	0.2435985439035727	0.0	0.0	0.0	0.0	0.0
Liver-HCC::MSI-H.S.1	T[T>A]G	0.0004516235289340023	0.0	0.8811299335130396	0.014991842431672243	0.0	0.0	0.03361874601917979	0.0	0.0	0.0	0.0	0.0	0.0	0.0	0.0698078545071746	0.0	0.0	0.0	0.0	0.0
Liver-HCC::MSI-H.S.1	T[T>A]T	0.015361932929931712	0.0	0.6812088863772578	0.09167457233399093	0.0	0.0	0.07253579885450448	0.0	0.0	0.0	0.0	0.0	0.0	0.0	0.1392188095043151	0.0	0.0	0.0	0.0	0.0
Liver-HCC::MSI-H.S.1	T[T>C]A	0.00026922170071533004	0.0	0.21669639780039604	0.049250125989776815	0.0	0.0	0.038641619595099076	0.0	0.0	0.0	0.0	0.0	0.0	0.0	0.6951426349140127	0.0	0.0	0.0	0.0	0.0
Liver-HCC::MSI-H.S.1	T[T>C]C	0.005183211082145543	0.0	0.16928835958153723	0.05252923969427632	0.0	0.0	0.025704488872870683	0.0	0.0	0.0	0.0	0.0	0.0	0.0	0.7472947007691703	0.0	0.0	0.0	0.0	0.0
Liver-HCC::MSI-H.S.1	T[T>C]G	0.0005866092968085009	0.0	0.20420578062290282	0.09466963838196468	0.0	0.0	0.03547726679563461	0.0	0.0	0.0	0.0	0.0	0.0	0.0	0.6650607049026894	0.0	0.0	0.0	0.0	0.0
Liver-HCC::MSI-H.S.1	T[T>C]T	0.003667536655250271	0.0	0.17867636508100684	0.04645272593713699	0.0	0.0	0.014437330228136834	0.0	0.0	0.0	0.0	0.0	0.0	0.0	0.7567660420984691	0.0	0.0	0.0	0.0	0.0
Liver-HCC::MSI-H.S.1	T[T>G]A	2.6025720171675717e-15	0.0	0.6947911998750115	0.03863149241368353	0.0	0.0	0.006756369305833596	0.0	0.0	0.0	0.0	0.0	0.0	0.0	0.2598209384054691	0.0	0.0	0.0	0.0	0.0
Liver-HCC::MSI-H.S.1	T[T>G]C	0.0004681337730493526	0.0	0.6356354756089224	0.07686917978909352	0.0	0.0	0.0595242760628657	0.0	0.0	0.0	0.0	0.0	0.0	0.0	0.2275029347660691	0.0	0.0	0.0	0.0	0.0
Liver-HCC::MSI-H.S.1	T[T>G]G	0.004324868361241174	0.0	0.5870471729244845	0.07575749751890519	0.0	0.0	0.004936586168960116	0.0	0.0	0.0	0.0	0.0	0.0	0.0	0.32793387502640897	0.0	0.0	0.0	0.0	0.0
Liver-HCC::MSI-H.S.1	T[T>G]T	6.627897451679968e-16	0.0	0.4576048630339556	0.09463350096735683	0.0	0.0	0.01049834912289101	0.0	0.0	0.0	0.0	0.0	0.0	0.0	0.4372632868757959	0.0	0.0	0.0	0.0	0.0
