Sample Names	MutationType	SBS1	SBS2	SBS3	SBS5	SBS8	SBS13	SBS18	SBS26	SBS35	SBS39	SBS40	SBS41
Ovary-AdenoCA::MSI-H.S.1	A[C>A]A	0.022056824357376877	0.0	0.0	0.3285718615818446	0.0	0.0	0.0	0.37912335956745896	0.0	0.0	0.0	0.27024795449331956
Ovary-AdenoCA::MSI-H.S.1	A[C>A]C	0.0809944590963855	0.0	0.0	0.3688350025891882	0.0	0.0	0.0	0.3271982205082206	0.0	0.0	0.0	0.2229723178062056
Ovary-AdenoCA::MSI-H.S.1	A[C>A]G	0.03919151316597726	0.0	0.0	0.4505378139057519	0.0	0.0	0.0	0.4403317394542819	0.0	0.0	0.0	0.06993893347398901
Ovary-AdenoCA::MSI-H.S.1	A[C>A]T	0.048872035675374036	0.0	0.0	0.27758226572392886	0.0	0.0	0.0	0.4122857430518747	0.0	0.0	0.0	0.2612599555488224
Ovary-AdenoCA::MSI-H.S.1	A[C>G]A	0.038880131026226256	0.0	0.0	0.2322073241508915	0.0	0.0	0.0	0.15570404035338634	0.0	0.0	0.0	0.5732085044694959
Ovary-AdenoCA::MSI-H.S.1	A[C>G]C	0.04020979641564727	0.0	0.0	0.2066267137281083	0.0	0.0	0.0	0.21733040249233823	0.0	0.0	0.0	0.5358330873639061
Ovary-AdenoCA::MSI-H.S.1	A[C>G]G	0.01220374620312488	0.0	0.0	0.20075439450829705	0.0	0.0	0.0	0.1264200034291352	0.0	0.0	0.0	0.6606218558594429
Ovary-AdenoCA::MSI-H.S.1	A[C>G]T	0.016889911221423113	0.0	0.0	0.1645825367876445	0.0	0.0	0.0	0.18815280473103188	0.0	0.0	0.0	0.6303747472599004
Ovary-AdenoCA::MSI-H.S.1	A[C>T]A	0.15813909928502481	0.0	0.0	0.22680704182684777	0.0	0.0	0.0	0.2935199651719414	0.0	0.0	0.0	0.3215338937161861
Ovary-AdenoCA::MSI-H.S.1	A[C>T]C	0.07214360026777845	0.0	0.0	0.2247364082315362	0.0	0.0	0.0	0.5057911430910508	0.0	0.0	0.0	0.19732884840963452
Ovary-AdenoCA::MSI-H.S.1	A[C>T]G	0.7565978370248952	0.0	0.0	0.014089655838753268	0.0	0.0	0.0	0.19273307991785485	0.0	0.0	0.0	0.0365794272184966
Ovary-AdenoCA::MSI-H.S.1	A[C>T]T	0.08321993616170505	0.0	0.0	0.21019589439608863	0.0	0.0	0.0	0.4227882336625666	0.0	0.0	0.0	0.28379593577963974
Ovary-AdenoCA::MSI-H.S.1	A[T>A]A	0.010838208368902636	0.0	0.0	0.1099673097453483	0.0	0.0	0.0	0.35922609359363805	0.0	0.0	0.0	0.519968388292111
Ovary-AdenoCA::MSI-H.S.1	A[T>A]C	0.02388111429127855	0.0	0.0	0.08162489846315589	0.0	0.0	0.0	0.6575810474583841	0.0	0.0	0.0	0.23691293978718148
Ovary-AdenoCA::MSI-H.S.1	A[T>A]G	0.030268936115202188	0.0	0.0	0.26633424214081763	0.0	0.0	0.0	0.2894869769530888	0.0	0.0	0.0	0.4139098447908913
Ovary-AdenoCA::MSI-H.S.1	A[T>A]T	0.00043713233762843716	0.0	0.0	0.016288999481513185	0.0	0.0	0.0	0.12792584056971393	0.0	0.0	0.0	0.8553480276111445
Ovary-AdenoCA::MSI-H.S.1	A[T>C]A	0.0006790100917246902	0.0	0.0	0.031654222017700226	0.0	0.0	0.0	0.9215155639058399	0.0	0.0	0.0	0.046151203984735246
Ovary-AdenoCA::MSI-H.S.1	A[T>C]C	0.006045340914954486	0.0	0.0	0.029308383079028437	0.0	0.0	0.0	0.9054088117399909	0.0	0.0	0.0	0.05923746426602611
Ovary-AdenoCA::MSI-H.S.1	A[T>C]G	7.295899557041649e-05	0.0	0.0	0.02891847177044052	0.0	0.0	0.0	0.9425378180985279	0.0	0.0	0.0	0.0284707511354612
Ovary-AdenoCA::MSI-H.S.1	A[T>C]T	0.00728554841327554	0.0	0.0	0.053467366680756155	0.0	0.0	0.0	0.8236640345556839	0.0	0.0	0.0	0.11558305035028435
Ovary-AdenoCA::MSI-H.S.1	A[T>G]A	0.001827929815371613	0.0	0.0	0.045118735272500064	0.0	0.0	0.0	0.5413394647383759	0.0	0.0	0.0	0.4117138701737523
Ovary-AdenoCA::MSI-H.S.1	A[T>G]C	0.003720444333487152	0.0	0.0	0.05139690915476121	0.0	0.0	0.0	0.793234069967555	0.0	0.0	0.0	0.15164857654419658
Ovary-AdenoCA::MSI-H.S.1	A[T>G]G	0.00426482609544313	0.0	0.0	0.1389716033310545	0.0	0.0	0.0	0.6357086568929897	0.0	0.0	0.0	0.22105491368051258
Ovary-AdenoCA::MSI-H.S.1	A[T>G]T	0.0007566452878934423	0.0	0.0	0.035888946009792214	0.0	0.0	0.0	0.6988523111197865	0.0	0.0	0.0	0.2645020975825278
Ovary-AdenoCA::MSI-H.S.1	C[C>A]A	0.006883557133002442	0.0	0.0	0.18029654291420127	0.0	0.0	0.0	0.5426689892281172	0.0	0.0	0.0	0.270150910724679
Ovary-AdenoCA::MSI-H.S.1	C[C>A]C	0.04518791700061437	0.0	0.0	0.17048152645963652	0.0	0.0	0.0	0.6649715281210755	0.0	0.0	0.0	0.1193590284186735
Ovary-AdenoCA::MSI-H.S.1	C[C>A]G	0.008063359871045818	0.0	0.0	0.32930099223804293	0.0	0.0	0.0	0.5464403653619861	0.0	0.0	0.0	0.1161952825289252
Ovary-AdenoCA::MSI-H.S.1	C[C>A]T	1.5342174109583735e-15	0.0	0.0	0.0491183252585665	0.0	0.0	0.0	0.8570659441327965	0.0	0.0	0.0	0.09381573060863548
Ovary-AdenoCA::MSI-H.S.1	C[C>G]A	0.0009743451468353198	0.0	0.0	0.3095436029183133	0.0	0.0	0.0	0.25676209839390385	0.0	0.0	0.0	0.4327199535409475
Ovary-AdenoCA::MSI-H.S.1	C[C>G]C	0.00351529981462655	0.0	0.0	0.456693939285015	0.0	0.0	0.0	0.257153034551198	0.0	0.0	0.0	0.2826377263491605
Ovary-AdenoCA::MSI-H.S.1	C[C>G]G	0.059333843610181285	0.0	0.0	0.46163580708012747	0.0	0.0	0.0	0.12260118727071899	0.0	0.0	0.0	0.3564291620389723
Ovary-AdenoCA::MSI-H.S.1	C[C>G]T	4.7174454725790105e-15	0.0	0.0	0.22177456521432157	0.0	0.0	0.0	0.23068305735933822	0.0	0.0	0.0	0.5475423774263354
Ovary-AdenoCA::MSI-H.S.1	C[C>T]A	0.022632312385526356	0.0	0.0	0.24145734171516106	0.0	0.0	0.0	0.33361259228894685	0.0	0.0	0.0	0.4022977536103659
Ovary-AdenoCA::MSI-H.S.1	C[C>T]C	0.003372761461353146	0.0	0.0	0.26104482932817863	0.0	0.0	0.0	0.6166873009728301	0.0	0.0	0.0	0.1188951082376382
Ovary-AdenoCA::MSI-H.S.1	C[C>T]G	0.6021972010104657	0.0	0.0	0.059137153070960735	0.0	0.0	0.0	0.17901355845811562	0.0	0.0	0.0	0.15965208746045798
Ovary-AdenoCA::MSI-H.S.1	C[C>T]T	0.0020816601710284847	0.0	0.0	0.26983918992092504	0.0	0.0	0.0	0.30569908706180343	0.0	0.0	0.0	0.4223800628462431
Ovary-AdenoCA::MSI-H.S.1	C[T>A]A	0.001101567942917229	0.0	0.0	0.09976148500653162	0.0	0.0	0.0	0.42193835090385384	0.0	0.0	0.0	0.47719859614669735
Ovary-AdenoCA::MSI-H.S.1	C[T>A]C	0.00822043364087757	0.0	0.0	0.11940128394730531	0.0	0.0	0.0	0.5290866727800688	0.0	0.0	0.0	0.3432916096317482
Ovary-AdenoCA::MSI-H.S.1	C[T>A]G	0.0077562241114012345	0.0	0.0	0.13191174877533446	0.0	0.0	0.0	0.4760666375927137	0.0	0.0	0.0	0.38426538952055056
Ovary-AdenoCA::MSI-H.S.1	C[T>A]T	0.0041570957642507265	0.0	0.0	0.07561798783376916	0.0	0.0	0.0	0.17906430379334376	0.0	0.0	0.0	0.7411606126086364
Ovary-AdenoCA::MSI-H.S.1	C[T>C]A	2.287405781468591e-16	0.0	0.0	0.015007447575722827	0.0	0.0	0.0	0.930627062936374	0.0	0.0	0.0	0.054365489487902964
Ovary-AdenoCA::MSI-H.S.1	C[T>C]C	0.004271932433866363	0.0	0.0	0.019545977379416792	0.0	0.0	0.0	0.9300275680454547	0.0	0.0	0.0	0.04615452214126211
Ovary-AdenoCA::MSI-H.S.1	C[T>C]G	0.00025267226982179366	0.0	0.0	0.016056764793754834	0.0	0.0	0.0	0.9635773818764899	0.0	0.0	0.0	0.020113181059933427
Ovary-AdenoCA::MSI-H.S.1	C[T>C]T	4.15500934398613e-05	0.0	0.0	0.01598694618875761	0.0	0.0	0.0	0.9444726175970473	0.0	0.0	0.0	0.03949888612075543
Ovary-AdenoCA::MSI-H.S.1	C[T>G]A	0.0007799477929202721	0.0	0.0	0.0625970338004343	0.0	0.0	0.0	0.544326568232407	0.0	0.0	0.0	0.39229645017423853
Ovary-AdenoCA::MSI-H.S.1	C[T>G]C	0.0020412736453439043	0.0	0.0	0.048820841918382304	0.0	0.0	0.0	0.8297521816265282	0.0	0.0	0.0	0.11938570280974561
Ovary-AdenoCA::MSI-H.S.1	C[T>G]G	0.0010711186605321576	0.0	0.0	0.05641919301010663	0.0	0.0	0.0	0.8116304353728185	0.0	0.0	0.0	0.13087925295654265
Ovary-AdenoCA::MSI-H.S.1	C[T>G]T	0.0008623833698071041	0.0	0.0	0.04049186192817671	0.0	0.0	0.0	0.6862093820853192	0.0	0.0	0.0	0.272436372616697
Ovary-AdenoCA::MSI-H.S.1	G[C>A]A	0.0423041395916997	0.0	0.0	0.3003763975703741	0.0	0.0	0.0	0.23166714696696267	0.0	0.0	0.0	0.4256523158709636
Ovary-AdenoCA::MSI-H.S.1	G[C>A]C	0.014071827918664988	0.0	0.0	0.3492626967339663	0.0	0.0	0.0	0.4822610214966309	0.0	0.0	0.0	0.15440445385073776
Ovary-AdenoCA::MSI-H.S.1	G[C>A]G	0.08971593461463512	0.0	0.0	0.39335729953066123	0.0	0.0	0.0	0.34393531867236654	0.0	0.0	0.0	0.17299144718233717
Ovary-AdenoCA::MSI-H.S.1	G[C>A]T	7.014512190641058e-15	0.0	0.0	0.2359901062686491	0.0	0.0	0.0	0.4483822655034106	0.0	0.0	0.0	0.3156276282279334
Ovary-AdenoCA::MSI-H.S.1	G[C>G]A	0.00042533466949771484	0.0	0.0	0.22833623711422507	0.0	0.0	0.0	0.3056629717222963	0.0	0.0	0.0	0.4655754564939808
Ovary-AdenoCA::MSI-H.S.1	G[C>G]C	0.005523514773538081	0.0	0.0	0.18818084090562465	0.0	0.0	0.0	0.3401787951593725	0.0	0.0	0.0	0.4661168491614646
Ovary-AdenoCA::MSI-H.S.1	G[C>G]G	0.042383434610614085	0.0	0.0	0.424039147402963	0.0	0.0	0.0	0.32865772704627005	0.0	0.0	0.0	0.2049196909401528
Ovary-AdenoCA::MSI-H.S.1	G[C>G]T	7.185960936527023e-15	0.0	0.0	0.23821333643947218	0.0	0.0	0.0	0.17148000800479338	0.0	0.0	0.0	0.5903066555557271
Ovary-AdenoCA::MSI-H.S.1	G[C>T]A	0.04241903847010277	0.0	0.0	0.2038540028510317	0.0	0.0	0.0	0.45831852293825287	0.0	0.0	0.0	0.2954084357406127
Ovary-AdenoCA::MSI-H.S.1	G[C>T]C	0.0005679233469240827	0.0	0.0	0.14541604464157418	0.0	0.0	0.0	0.5819319264898036	0.0	0.0	0.0	0.272084105521698
Ovary-AdenoCA::MSI-H.S.1	G[C>T]G	0.49996139526585914	0.0	0.0	0.03102592704276478	0.0	0.0	0.0	0.26724728509653073	0.0	0.0	0.0	0.20176539259484536
Ovary-AdenoCA::MSI-H.S.1	G[C>T]T	0.0002548719369408657	0.0	0.0	0.13580650494773144	0.0	0.0	0.0	0.5767055286369898	0.0	0.0	0.0	0.287233094478338
Ovary-AdenoCA::MSI-H.S.1	G[T>A]A	0.002727631927527015	0.0	0.0	0.13561652446468722	0.0	0.0	0.0	0.4589079461108396	0.0	0.0	0.0	0.4027478974969461
Ovary-AdenoCA::MSI-H.S.1	G[T>A]C	0.003667656281315141	0.0	0.0	0.09099788357472112	0.0	0.0	0.0	0.5703653770886573	0.0	0.0	0.0	0.3349690830553065
Ovary-AdenoCA::MSI-H.S.1	G[T>A]G	0.010822829085768175	0.0	0.0	0.19887795841011968	0.0	0.0	0.0	0.46662226707982923	0.0	0.0	0.0	0.32367694542428294
Ovary-AdenoCA::MSI-H.S.1	G[T>A]T	0.0062015043914367615	0.0	0.0	0.08512803441537606	0.0	0.0	0.0	0.3497036008644474	0.0	0.0	0.0	0.5589668603287397
Ovary-AdenoCA::MSI-H.S.1	G[T>C]A	0.0006979774544424201	0.0	0.0	0.010308871437096143	0.0	0.0	0.0	0.9682681056394049	0.0	0.0	0.0	0.020725045469056614
Ovary-AdenoCA::MSI-H.S.1	G[T>C]C	0.004108138043714239	0.0	0.0	0.01888216188172697	0.0	0.0	0.0	0.9354058273231589	0.0	0.0	0.0	0.04160387275139984
Ovary-AdenoCA::MSI-H.S.1	G[T>C]G	0.0009156579404407465	0.0	0.0	0.01291154761064028	0.0	0.0	0.0	0.9720400962746376	0.0	0.0	0.0	0.014132698174281342
Ovary-AdenoCA::MSI-H.S.1	G[T>C]T	7.14240787525067e-05	0.0	0.0	0.015097065050742837	0.0	0.0	0.0	0.9647797559754984	0.0	0.0	0.0	0.020051754895006324
Ovary-AdenoCA::MSI-H.S.1	G[T>G]A	6.205200360275896e-15	0.0	0.0	0.07713798617992132	0.0	0.0	0.0	0.6651283279862197	0.0	0.0	0.0	0.25773368583385275
Ovary-AdenoCA::MSI-H.S.1	G[T>G]C	7.99826140457919e-15	0.0	0.0	0.06746890335927343	0.0	0.0	0.0	0.7571987555764319	0.0	0.0	0.0	0.17533234106428666
Ovary-AdenoCA::MSI-H.S.1	G[T>G]G	0.006523515088604552	0.0	0.0	0.109274226087876	0.0	0.0	0.0	0.7684701039755812	0.0	0.0	0.0	0.1157321548479381
Ovary-AdenoCA::MSI-H.S.1	G[T>G]T	0.0001158610543037244	0.0	0.0	0.02051489471864538	0.0	0.0	0.0	0.8376718648540769	0.0	0.0	0.0	0.1416973793729741
Ovary-AdenoCA::MSI-H.S.1	T[C>A]A	0.0015625570822653712	0.0	0.0	0.2053285564980403	0.0	0.0	0.0	0.3886394865164383	0.0	0.0	0.0	0.40446939990325603
Ovary-AdenoCA::MSI-H.S.1	T[C>A]C	0.07795441692299969	0.0	0.0	0.31076298497595045	0.0	0.0	0.0	0.3386238707098811	0.0	0.0	0.0	0.2726587273911688
Ovary-AdenoCA::MSI-H.S.1	T[C>A]G	3.8840961408721027e-14	0.0	0.0	0.440686507676396	0.0	0.0	0.0	0.37378815085489275	0.0	0.0	0.0	0.1855253414686724
Ovary-AdenoCA::MSI-H.S.1	T[C>A]T	8.551103946366418e-05	0.0	0.0	0.20317273398078114	0.0	0.0	0.0	0.35522768965336793	0.0	0.0	0.0	0.4415140653263873
Ovary-AdenoCA::MSI-H.S.1	T[C>G]A	1.6660697535075664e-15	0.0	0.0	0.0641883424336475	0.0	0.0	0.0	0.17076292230682413	0.0	0.0	0.0	0.7650487352595268
Ovary-AdenoCA::MSI-H.S.1	T[C>G]C	0.0021455456929587425	0.0	0.0	0.08834767427949312	0.0	0.0	0.0	0.13735837856154842	0.0	0.0	0.0	0.7721484014659997
Ovary-AdenoCA::MSI-H.S.1	T[C>G]G	0.005131856345771262	0.0	0.0	0.13910025964974868	0.0	0.0	0.0	0.12138916776682078	0.0	0.0	0.0	0.7343787162376593
Ovary-AdenoCA::MSI-H.S.1	T[C>G]T	0.005506146924650043	0.0	0.0	0.04852582326089104	0.0	0.0	0.0	0.13607313998244	0.0	0.0	0.0	0.8098948898320188
Ovary-AdenoCA::MSI-H.S.1	T[C>T]A	0.007871004344607534	0.0	0.0	0.15832262135606276	0.0	0.0	0.0	0.40696778155696944	0.0	0.0	0.0	0.4268385927423602
Ovary-AdenoCA::MSI-H.S.1	T[C>T]C	0.00036293264492766856	0.0	0.0	0.24618515803031135	0.0	0.0	0.0	0.4295084538130758	0.0	0.0	0.0	0.3239434555116853
Ovary-AdenoCA::MSI-H.S.1	T[C>T]G	0.5536561923027492	0.0	0.0	0.08802059626885622	0.0	0.0	0.0	0.23091917693509137	0.0	0.0	0.0	0.12740403449330331
Ovary-AdenoCA::MSI-H.S.1	T[C>T]T	1.8670381262696326e-15	0.0	0.0	0.19341246008616114	0.0	0.0	0.0	0.31114436117024047	0.0	0.0	0.0	0.4954431787435964
Ovary-AdenoCA::MSI-H.S.1	T[T>A]A	0.014998486325912046	0.0	0.0	0.015489848482035724	0.0	0.0	0.0	0.04399603438811266	0.0	0.0	0.0	0.9255156308039396
Ovary-AdenoCA::MSI-H.S.1	T[T>A]C	2.227278332508152e-15	0.0	0.0	0.045486946097083245	0.0	0.0	0.0	0.2195705328020657	0.0	0.0	0.0	0.7349425211008488
Ovary-AdenoCA::MSI-H.S.1	T[T>A]G	0.000483161612185405	0.0	0.0	0.09092571266770001	0.0	0.0	0.0	0.08369776024074133	0.0	0.0	0.0	0.8248933654793733
Ovary-AdenoCA::MSI-H.S.1	T[T>A]T	0.007258667761539708	0.0	0.0	0.031047186852233847	0.0	0.0	0.0	0.07372294130102573	0.0	0.0	0.0	0.8879712040852008
Ovary-AdenoCA::MSI-H.S.1	T[T>C]A	0.00023498748013690642	0.0	0.0	0.01824388178348135	0.0	0.0	0.0	0.6799896001796126	0.0	0.0	0.0	0.3015315305567692
Ovary-AdenoCA::MSI-H.S.1	T[T>C]C	0.004844891949517757	0.0	0.0	0.015263115608906766	0.0	0.0	0.0	0.782835996250426	0.0	0.0	0.0	0.1970559961911494
Ovary-AdenoCA::MSI-H.S.1	T[T>C]G	0.0006415601387751828	0.0	0.0	0.021542066373084392	0.0	0.0	0.0	0.8151610190094888	0.0	0.0	0.0	0.16265535447865156
Ovary-AdenoCA::MSI-H.S.1	T[T>C]T	0.0034278990164809614	0.0	0.0	0.01610836871168332	0.0	0.0	0.0	0.7927000333371913	0.0	0.0	0.0	0.18776369893464437
Ovary-AdenoCA::MSI-H.S.1	T[T>G]A	9.054046129942218e-16	0.0	0.0	0.023314448821867124	0.0	0.0	0.0	0.1012996110996232	0.0	0.0	0.0	0.8753859400785088
Ovary-AdenoCA::MSI-H.S.1	T[T>G]C	0.0004707784454829956	0.0	0.0	0.06165745873635778	0.0	0.0	0.0	0.25640546888583876	0.0	0.0	0.0	0.6814662939323205
Ovary-AdenoCA::MSI-H.S.1	T[T>G]G	0.0036999897171424126	0.0	0.0	0.0484430547840052	0.0	0.0	0.0	0.3144181362271471	0.0	0.0	0.0	0.6334388192717053
Ovary-AdenoCA::MSI-H.S.1	T[T>G]T	3.528255442863617e-16	0.0	0.0	0.023496640256204085	0.0	0.0	0.0	0.2608680783447617	0.0	0.0	0.0	0.7156352813990339
