Sample Names	MutationType	SBS1	SBS2	SBS5	SBS7a	SBS7b	SBS7c	SBS7d	SBS13	SBS17a	SBS17b	SBS38	SBS40
Skin-Melanoma::MSI-H.S.1	A[C>A]A	0.03866809660952969	0.0	0.0	0.04812356451999744	0.9132083388704728	0.0	0.0	0.0	0.0	0.0	0.0	0.0
Skin-Melanoma::MSI-H.S.1	A[C>A]C	0.24338796325679982	0.0	0.0	0.31467508399140226	0.4419369527517979	0.0	0.0	0.0	0.0	0.0	0.0	0.0
Skin-Melanoma::MSI-H.S.1	A[C>A]G	0.058626133098329994	0.0	0.0	0.3881171052771762	0.5532567616244939	0.0	0.0	0.0	0.0	0.0	0.0	0.0
Skin-Melanoma::MSI-H.S.1	A[C>A]T	0.10902727375077409	0.0	0.0	0.34787447488645795	0.5430982513627679	0.0	0.0	0.0	0.0	0.0	0.0	0.0
Skin-Melanoma::MSI-H.S.1	A[C>G]A	0.6189716892975823	0.0	0.0	0.35544004535244783	0.02558826534996985	0.0	0.0	0.0	0.0	0.0	0.0	0.0
Skin-Melanoma::MSI-H.S.1	A[C>G]C	0.372772755477746	0.0	0.0	0.10861797621665276	0.5186092683056011	0.0	0.0	0.0	0.0	0.0	0.0	0.0
Skin-Melanoma::MSI-H.S.1	A[C>G]G	0.020961865189569235	0.0	0.0	0.15239163742917766	0.8266464973812531	0.0	0.0	0.0	0.0	0.0	0.0	0.0
Skin-Melanoma::MSI-H.S.1	A[C>G]T	0.21613861006904755	0.0	0.0	0.29860931862341916	0.48525207130753323	0.0	0.0	0.0	0.0	0.0	0.0	0.0
Skin-Melanoma::MSI-H.S.1	A[C>T]A	0.6301760382585592	0.0	0.0	0.05064383226591818	0.3191801294755227	0.0	0.0	0.0	0.0	0.0	0.0	0.0
Skin-Melanoma::MSI-H.S.1	A[C>T]C	0.009875628069198696	0.0	0.0	0.45547719931114616	0.5346471726196552	0.0	0.0	0.0	0.0	0.0	0.0	0.0
Skin-Melanoma::MSI-H.S.1	A[C>T]G	0.9868162779986135	0.0	0.0	9.922292723185481e-15	0.013183722001376597	0.0	0.0	0.0	0.0	0.0	0.0	0.0
Skin-Melanoma::MSI-H.S.1	A[C>T]T	0.04187758250205546	0.0	0.0	0.5341530063233824	0.4239694111745621	0.0	0.0	0.0	0.0	0.0	0.0	0.0
Skin-Melanoma::MSI-H.S.1	A[T>A]A	0.01451657192325278	0.0	0.0	0.5797243890602649	0.4057590390164824	0.0	0.0	0.0	0.0	0.0	0.0	0.0
Skin-Melanoma::MSI-H.S.1	A[T>A]C	0.12773865462002135	0.0	0.0	0.6320303034991985	0.2402310418807801	0.0	0.0	0.0	0.0	0.0	0.0	0.0
Skin-Melanoma::MSI-H.S.1	A[T>A]G	0.04593769190344539	0.0	0.0	0.3895364745539604	0.5645258335425942	0.0	0.0	0.0	0.0	0.0	0.0	0.0
Skin-Melanoma::MSI-H.S.1	A[T>A]T	0.0013482879332878878	0.0	0.0	0.4501449882059614	0.5485067238607507	0.0	0.0	0.0	0.0	0.0	0.0	0.0
Skin-Melanoma::MSI-H.S.1	A[T>C]A	0.05949976255826387	0.0	0.0	0.44048441114450776	0.5000158262972284	0.0	0.0	0.0	0.0	0.0	0.0	0.0
Skin-Melanoma::MSI-H.S.1	A[T>C]C	0.27958322407607755	0.0	0.0	0.34380199987126714	0.3766147760526553	0.0	0.0	0.0	0.0	0.0	0.0	0.0
Skin-Melanoma::MSI-H.S.1	A[T>C]G	0.0063640394382702	0.0	0.0	0.18488962918244864	0.8087463313792811	0.0	0.0	0.0	0.0	0.0	0.0	0.0
Skin-Melanoma::MSI-H.S.1	A[T>C]T	0.1631806248677635	0.0	0.0	0.28792354517533136	0.5488958299569052	0.0	0.0	0.0	0.0	0.0	0.0	0.0
Skin-Melanoma::MSI-H.S.1	A[T>G]A	0.0197257455000774	0.0	0.0	0.8933270860048397	0.08694716849508288	0.0	0.0	0.0	0.0	0.0	0.0	0.0
Skin-Melanoma::MSI-H.S.1	A[T>G]C	0.016370973373621447	0.0	0.0	0.32169594419914677	0.6619330824272317	0.0	0.0	0.0	0.0	0.0	0.0	0.0
Skin-Melanoma::MSI-H.S.1	A[T>G]G	0.014877029040159825	0.0	0.0	0.2523104018386087	0.7328125691212315	0.0	0.0	0.0	0.0	0.0	0.0	0.0
Skin-Melanoma::MSI-H.S.1	A[T>G]T	0.009504991548362783	0.0	0.0	0.43185496738547074	0.5586400410661664	0.0	0.0	0.0	0.0	0.0	0.0	0.0
Skin-Melanoma::MSI-H.S.1	C[C>A]A	0.017292335825337245	0.0	0.0	0.41529457638598855	0.5674130877886743	0.0	0.0	0.0	0.0	0.0	0.0	0.0
Skin-Melanoma::MSI-H.S.1	C[C>A]C	0.09103874621473088	0.0	0.0	0.20101589235236603	0.7079453614329032	0.0	0.0	0.0	0.0	0.0	0.0	0.0
Skin-Melanoma::MSI-H.S.1	C[C>A]G	0.02480141377659513	0.0	0.0	9.76801350944193e-13	0.975198586222428	0.0	0.0	0.0	0.0	0.0	0.0	0.0
Skin-Melanoma::MSI-H.S.1	C[C>A]T	1.142980271863126e-14	0.0	0.0	0.3140509469015157	0.685949053098473	0.0	0.0	0.0	0.0	0.0	0.0	0.0
Skin-Melanoma::MSI-H.S.1	C[C>G]A	0.00582429251951236	0.0	0.0	8.870985354215223e-13	0.9941757074796006	0.0	0.0	0.0	0.0	0.0	0.0	0.0
Skin-Melanoma::MSI-H.S.1	C[C>G]C	0.007073640869108813	0.0	0.0	0.19873558979971598	0.7941907693311753	0.0	0.0	0.0	0.0	0.0	0.0	0.0
Skin-Melanoma::MSI-H.S.1	C[C>G]G	0.04030873627647073	0.0	0.0	0.14624553484055222	0.8134457288829771	0.0	0.0	0.0	0.0	0.0	0.0	0.0
Skin-Melanoma::MSI-H.S.1	C[C>G]T	2.3303874435902968e-14	0.0	0.0	0.16461752551585937	0.8353824744841174	0.0	0.0	0.0	0.0	0.0	0.0	0.0
Skin-Melanoma::MSI-H.S.1	C[C>T]A	0.0011196264560591426	0.0	0.0	0.460955447628387	0.537924925915554	0.0	0.0	0.0	0.0	0.0	0.0	0.0
Skin-Melanoma::MSI-H.S.1	C[C>T]C	0.00010607414948690604	0.0	0.0	0.35778043744238297	0.6421134884081301	0.0	0.0	0.0	0.0	0.0	0.0	0.0
Skin-Melanoma::MSI-H.S.1	C[C>T]G	0.3881434910213345	0.0	0.0	0.21882879117526638	0.3930277178033992	0.0	0.0	0.0	0.0	0.0	0.0	0.0
Skin-Melanoma::MSI-H.S.1	C[C>T]T	9.496947214894473e-05	0.0	0.0	0.45163719510005673	0.5482678354277943	0.0	0.0	0.0	0.0	0.0	0.0	0.0
Skin-Melanoma::MSI-H.S.1	C[T>A]A	0.003303068054033949	0.0	0.0	0.22394701209178106	0.772749919854185	0.0	0.0	0.0	0.0	0.0	0.0	0.0
Skin-Melanoma::MSI-H.S.1	C[T>A]C	0.02956134405659096	0.0	0.0	0.32330823480409887	0.6471304211393102	0.0	0.0	0.0	0.0	0.0	0.0	0.0
Skin-Melanoma::MSI-H.S.1	C[T>A]G	0.03208514930841818	0.0	0.0	0.1826520360679433	0.7852628146236386	0.0	0.0	0.0	0.0	0.0	0.0	0.0
Skin-Melanoma::MSI-H.S.1	C[T>A]T	0.03525184740567505	0.0	0.0	0.8283778930999688	0.1363702594943563	0.0	0.0	0.0	0.0	0.0	0.0	0.0
Skin-Melanoma::MSI-H.S.1	C[T>C]A	1.0533329217314907e-14	0.0	0.0	0.3508813257640838	0.6491186742359056	0.0	0.0	0.0	0.0	0.0	0.0	0.0
Skin-Melanoma::MSI-H.S.1	C[T>C]C	0.17471792109392906	0.0	0.0	0.2980866739373236	0.5271954049687474	0.0	0.0	0.0	0.0	0.0	0.0	0.0
Skin-Melanoma::MSI-H.S.1	C[T>C]G	0.04172279120956407	0.0	0.0	0.19849598374146024	0.7597812250489756	0.0	0.0	0.0	0.0	0.0	0.0	0.0
Skin-Melanoma::MSI-H.S.1	C[T>C]T	0.0005227844968777368	0.0	0.0	0.36788096171551055	0.6315962537876116	0.0	0.0	0.0	0.0	0.0	0.0	0.0
Skin-Melanoma::MSI-H.S.1	C[T>G]A	0.007638287564011663	0.0	0.0	0.2985630708478088	0.6937986415881794	0.0	0.0	0.0	0.0	0.0	0.0	0.0
Skin-Melanoma::MSI-H.S.1	C[T>G]C	0.020872357858773834	0.0	0.0	0.27887515659442746	0.7002524855467986	0.0	0.0	0.0	0.0	0.0	0.0	0.0
Skin-Melanoma::MSI-H.S.1	C[T>G]G	0.010928341114864954	0.0	0.0	3.1333720743422134e-13	0.9890716588848216	0.0	0.0	0.0	0.0	0.0	0.0	0.0
Skin-Melanoma::MSI-H.S.1	C[T>G]T	0.26711189602074664	0.0	0.0	0.6812518131642049	0.05163629081504834	0.0	0.0	0.0	0.0	0.0	0.0	0.0
Skin-Melanoma::MSI-H.S.1	G[C>A]A	0.176584914142534	0.0	0.0	0.07467692925545458	0.7487381566020115	0.0	0.0	0.0	0.0	0.0	0.0	0.0
Skin-Melanoma::MSI-H.S.1	G[C>A]C	0.0746302066698516	0.0	0.0	0.5003122989875786	0.4250574943425699	0.0	0.0	0.0	0.0	0.0	0.0	0.0
Skin-Melanoma::MSI-H.S.1	G[C>A]G	0.30237681963286883	0.0	0.0	0.3602991590912861	0.33732402127584504	0.0	0.0	0.0	0.0	0.0	0.0	0.0
Skin-Melanoma::MSI-H.S.1	G[C>A]T	1.6889487815420766e-13	0.0	0.0	2.780080313515317e-12	0.999999999997051	0.0	0.0	0.0	0.0	0.0	0.0	0.0
Skin-Melanoma::MSI-H.S.1	G[C>G]A	0.012119081694479426	0.0	0.0	0.4077068799527154	0.5801740383528051	0.0	0.0	0.0	0.0	0.0	0.0	0.0
Skin-Melanoma::MSI-H.S.1	G[C>G]C	0.034384975251341085	0.0	0.0	0.11455842270989745	0.8510566020387614	0.0	0.0	0.0	0.0	0.0	0.0	0.0
Skin-Melanoma::MSI-H.S.1	G[C>G]G	0.042189479498130476	0.0	0.0	0.18864166460172477	0.7691688559001447	0.0	0.0	0.0	0.0	0.0	0.0	0.0
Skin-Melanoma::MSI-H.S.1	G[C>G]T	7.014024447396446e-14	0.0	0.0	0.2174465720126499	0.78255342798728	0.0	0.0	0.0	0.0	0.0	0.0	0.0
Skin-Melanoma::MSI-H.S.1	G[C>T]A	0.3284724924685251	0.0	0.0	0.10349006411207104	0.5680374434194038	0.0	0.0	0.0	0.0	0.0	0.0	0.0
Skin-Melanoma::MSI-H.S.1	G[C>T]C	0.0002163015353342827	0.0	0.0	0.4491799140201683	0.5506037844444973	0.0	0.0	0.0	0.0	0.0	0.0	0.0
Skin-Melanoma::MSI-H.S.1	G[C>T]G	0.9923913826898305	0.0	0.0	0.00041355121324815856	0.007195066096921271	0.0	0.0	0.0	0.0	0.0	0.0	0.0
Skin-Melanoma::MSI-H.S.1	G[C>T]T	0.00012243487711793505	0.0	0.0	0.8455176449687324	0.15435992015414957	0.0	0.0	0.0	0.0	0.0	0.0	0.0
Skin-Melanoma::MSI-H.S.1	G[T>A]A	0.007116176146571708	0.0	0.0	0.5788384768980006	0.4140453469554277	0.0	0.0	0.0	0.0	0.0	0.0	0.0
Skin-Melanoma::MSI-H.S.1	G[T>A]C	0.02108931210573804	0.0	0.0	0.6030664894557788	0.37584419843848316	0.0	0.0	0.0	0.0	0.0	0.0	0.0
Skin-Melanoma::MSI-H.S.1	G[T>A]G	0.022542165999739867	0.0	0.0	0.43762606124367764	0.5398317727565825	0.0	0.0	0.0	0.0	0.0	0.0	0.0
Skin-Melanoma::MSI-H.S.1	G[T>A]T	0.044487358486606794	0.0	0.0	0.8689286543469222	0.08658398716647103	0.0	0.0	0.0	0.0	0.0	0.0	0.0
Skin-Melanoma::MSI-H.S.1	G[T>C]A	0.20579854280701612	0.0	0.0	0.32600331127169263	0.46819814592129116	0.0	0.0	0.0	0.0	0.0	0.0	0.0
Skin-Melanoma::MSI-H.S.1	G[T>C]C	0.6090718334793818	0.0	0.0	0.390928166519979	6.392594418739409e-13	0.0	0.0	0.0	0.0	0.0	0.0	0.0
Skin-Melanoma::MSI-H.S.1	G[T>C]G	0.16446924882257064	0.0	0.0	0.16772604853862527	0.667804702638804	0.0	0.0	0.0	0.0	0.0	0.0	0.0
Skin-Melanoma::MSI-H.S.1	G[T>C]T	0.0009512260881936353	0.0	0.0	0.17821245762839966	0.8208363162834067	0.0	0.0	0.0	0.0	0.0	0.0	0.0
Skin-Melanoma::MSI-H.S.1	G[T>G]A	5.0749421202616293e-14	0.0	0.0	0.3397616682355021	0.6602383317644471	0.0	0.0	0.0	0.0	0.0	0.0	0.0
Skin-Melanoma::MSI-H.S.1	G[T>G]C	4.573213426737657e-14	0.0	0.0	0.4087203816063601	0.5912796183935942	0.0	0.0	0.0	0.0	0.0	0.0	0.0
Skin-Melanoma::MSI-H.S.1	G[T>G]G	0.012727271747366122	0.0	0.0	0.195742348859995	0.7915303793926388	0.0	0.0	0.0	0.0	0.0	0.0	0.0
Skin-Melanoma::MSI-H.S.1	G[T>G]T	0.00048336389836607836	0.0	0.0	0.45533444300442744	0.5441821930972064	0.0	0.0	0.0	0.0	0.0	0.0	0.0
Skin-Melanoma::MSI-H.S.1	T[C>A]A	0.0020222971545000978	0.0	0.0	0.19742683821392237	0.8005508646315775	0.0	0.0	0.0	0.0	0.0	0.0	0.0
Skin-Melanoma::MSI-H.S.1	T[C>A]C	0.056707752308049565	0.0	0.0	0.23476035106640025	0.7085318966255503	0.0	0.0	0.0	0.0	0.0	0.0	0.0
Skin-Melanoma::MSI-H.S.1	T[C>A]G	6.838746959752973e-14	0.0	0.0	0.17364847639251885	0.8263515236074127	0.0	0.0	0.0	0.0	0.0	0.0	0.0
Skin-Melanoma::MSI-H.S.1	T[C>A]T	0.00025826563275089035	0.0	0.0	0.44347843998310227	0.5562632943841469	0.0	0.0	0.0	0.0	0.0	0.0	0.0
Skin-Melanoma::MSI-H.S.1	T[C>G]A	9.77460991224116e-14	0.0	0.0	1.6089416615998396e-12	0.9999999999982934	0.0	0.0	0.0	0.0	0.0	0.0	0.0
Skin-Melanoma::MSI-H.S.1	T[C>G]C	0.01302208222399229	0.0	0.0	0.05373608591284693	0.9332418318631608	0.0	0.0	0.0	0.0	0.0	0.0	0.0
Skin-Melanoma::MSI-H.S.1	T[C>G]G	0.020154722530532382	0.0	0.0	0.030355119110023386	0.9494901583594442	0.0	0.0	0.0	0.0	0.0	0.0	0.0
Skin-Melanoma::MSI-H.S.1	T[C>G]T	0.12381400140642929	0.0	0.0	0.3672792824134448	0.508906716180126	0.0	0.0	0.0	0.0	0.0	0.0	0.0
Skin-Melanoma::MSI-H.S.1	T[C>T]A	0.00027890155808359265	0.0	0.0	0.9848060672316745	0.014915031210241932	0.0	0.0	0.0	0.0	0.0	0.0	0.0
Skin-Melanoma::MSI-H.S.1	T[C>T]C	5.076783762992475e-06	0.0	0.0	0.7420457720519459	0.25794915116429107	0.0	0.0	0.0	0.0	0.0	0.0	0.0
Skin-Melanoma::MSI-H.S.1	T[C>T]G	0.05959584412331694	0.0	0.0	0.6611305654110972	0.279273590465586	0.0	0.0	0.0	0.0	0.0	0.0	0.0
Skin-Melanoma::MSI-H.S.1	T[C>T]T	8.3253372813399e-17	0.0	0.0	0.6579662533065795	0.3420337466934204	0.0	0.0	0.0	0.0	0.0	0.0	0.0
Skin-Melanoma::MSI-H.S.1	T[T>A]A	0.16123190458267858	0.0	0.0	0.14066210946131852	0.6981059859560029	0.0	0.0	0.0	0.0	0.0	0.0	0.0
Skin-Melanoma::MSI-H.S.1	T[T>A]C	8.406563138435571e-15	0.0	0.0	0.2415385458548341	0.7584614541451575	0.0	0.0	0.0	0.0	0.0	0.0	0.0
Skin-Melanoma::MSI-H.S.1	T[T>A]G	0.001830381578809232	0.0	0.0	2.399547386991944e-13	0.9981696184209509	0.0	0.0	0.0	0.0	0.0	0.0	0.0
Skin-Melanoma::MSI-H.S.1	T[T>A]T	0.14618354036583686	0.0	0.0	0.8538164596340336	1.2956216873493639e-13	0.0	0.0	0.0	0.0	0.0	0.0	0.0
Skin-Melanoma::MSI-H.S.1	T[T>C]A	0.0028477629553944448	0.0	0.0	0.3954105404566103	0.6017416965879954	0.0	0.0	0.0	0.0	0.0	0.0	0.0
Skin-Melanoma::MSI-H.S.1	T[T>C]C	0.11794961740601578	0.0	0.0	0.34149836253562493	0.5405520200583593	0.0	0.0	0.0	0.0	0.0	0.0	0.0
Skin-Melanoma::MSI-H.S.1	T[T>C]G	0.01043009517214176	0.0	0.0	0.13171370390839773	0.8578562009194606	0.0	0.0	0.0	0.0	0.0	0.0	0.0
Skin-Melanoma::MSI-H.S.1	T[T>C]T	0.09757991880254913	0.0	0.0	0.301352013259176	0.6010680679382749	0.0	0.0	0.0	0.0	0.0	0.0	0.0
Skin-Melanoma::MSI-H.S.1	T[T>G]A	2.086826490819584e-14	0.0	0.0	0.19729397923103528	0.8027060207689438	0.0	0.0	0.0	0.0	0.0	0.0	0.0
Skin-Melanoma::MSI-H.S.1	T[T>G]C	0.0034680681310010676	0.0	0.0	0.12025844310836346	0.8762734887606355	0.0	0.0	0.0	0.0	0.0	0.0	0.0
Skin-Melanoma::MSI-H.S.1	T[T>G]G	0.04588195070997512	0.0	0.0	2.8883001588340024e-13	0.9541180492897361	0.0	0.0	0.0	0.0	0.0	0.0	0.0
Skin-Melanoma::MSI-H.S.1	T[T>G]T	1.291681812564585e-14	0.0	0.0	0.07913518769742593	0.9208648123025612	0.0	0.0	0.0	0.0	0.0	0.0	0.0
